100
CYANO150__Chamaesiphon_sp__UniRef90_UPI0035946169                     0.0000000 0.3146463 0.4397222 0.5218455 0.4734447 0.5965410 0.5238390 0.5078330 0.5565576 0.5309892 0.6056106 0.6771041 0.6600558 0.6452914 0.6190183 0.7086369 0.6706287 0.5206361 0.6998429 0.6662703 0.6862215 0.6593161 0.6792384 0.7756914 0.6838358 0.6883332 0.7113167 0.7796423 0.8092124 0.7387107 0.7339794 0.7140572 0.7490254 0.7291003 0.8124217 0.7580769 0.8205404 0.7638492 0.8471634 0.7378399 0.8035595 0.7263105 0.7104408 0.8043396 0.7889654 0.8658618 0.8209052 0.7895988 0.7027869 0.7637109 0.7613458 0.7818125 0.8400811 0.7381034 0.7722119 0.8556145 0.7737767 0.7325259 0.7831437 0.8432136 0.8061628 0.8602582 0.8238499 0.7665989 0.8241938 0.8833870 0.8184615 0.7520611 0.8384389 0.8526287 0.8030309 0.8251645 0.8297309 0.7267984 0.8198348 0.7293364 0.8753938 0.7004615 0.8124318 0.7686888 0.8317670 0.8134220 0.8196331 0.7344245 0.8131679 0.8257432 0.7828767 0.8305901 0.8134514 0.8038579 2.1680730 2.1847222 2.1641750 2.0888817 2.3342150 1.8766685 1.6130243 2.5823475 2.2855595 1.6043887 
CYANO150__Chamaesiphon_sp__UniRef90_UPI003592F9D2                     0.3146463 0.0000000 0.4864926 0.5215921 0.5446382 0.6828326 0.5529893 0.5544853 0.5661175 0.5758418 0.6247761 0.7356731 0.7096523 0.6618239 0.6604794 0.7269607 0.7001195 0.5791721 0.8362224 0.6803733 0.7310328 0.6577007 0.6522834 0.8381674 0.6638339 0.7478138 0.7761005 0.8041902 0.9009687 0.8049912 0.7266943 0.7535346 0.7439544 0.7756461 0.8258581 0.8117184 0.8658106 0.7704068 0.8224143 0.7822622 0.9297517 0.7828762 0.7427326 0.8143144 0.8185328 0.8020655 0.8259172 0.7699875 0.7150835 0.7677458 0.8132462 0.8041063 0.9440183 0.7612353 0.7593899 0.8974404 0.8116041 0.7641633 0.7872770 0.8145041 0.7572323 0.8213657 0.7502153 0.7760134 0.9407289 0.8751124 0.8097810 0.8241326 0.8247719 0.8306788 0.8159890 0.7822155 0.8504590 0.8427929 0.7962982 0.7571919 0.7931095 0.7312787 0.8489094 0.7722111 0.8244855 0.7890083 0.8020880 0.7853371 0.8025489 0.8046920 0.7207179 0.8073730 0.8204122 0.8375503 2.2011313 2.2646566 2.1959272 2.2497486 2.2984954 1.9419667 1.5969787 2.6739934 2.3256127 1.7242981 
CYANO150__Leptolyngbya_sp_Heron_Island_J__UniRef90_U9W0I1             0.4397222 0.4864926 0.0000000 0.5018146 0.2213337 0.6353532 0.2783154 0.4756309 0.4917445 0.5674171 0.6270084 0.6292391 0.6982051 0.6658949 0.6235718 0.6618912 0.6984064 0.4904460 0.6749548 0.6319868 0.7081096 0.6229522 0.6453374 0.7410938 0.7414586 0.6386084 0.6557958 0.8121748 0.7645589 0.7529491 0.6470883 0.7625880 0.7796813 0.8152462 0.7450717 0.7858376 0.8388533 0.7774288 0.8725905 0.7525284 0.8043336 0.6697348 0.7791908 0.7227390 0.8108620 0.7587025 0.7401318 0.7981000 0.6454273 0.7904917 0.7849702 0.7754485 0.7545742 0.7207055 0.8629844 0.8011394 0.8319824 0.8101470 0.7696488 0.8083268 0.7708014 0.8064823 0.7860049 0.7966517 0.7363436 0.8191572 0.8089521 0.8343354 0.8498068 0.8305338 0.7486824 0.7888470 0.8667638 0.8352996 0.8072792 0.7972599 0.8153168 0.7815279 0.7854325 0.7455828 0.8150076 0.8334304 0.7863166 0.8117534 0.7769003 0.8521860 0.7703675 0.8527808 0.8410809 0.8253966 2.1472694 2.1761551 2.1027320 2.0437925 2.3028796 1.7976622 1.6334518 2.7014594 2.2525642 1.5267770 
CYANO150__Cyanophyceae__UniRef90_A0A8J7JTD9                           0.5218455 0.5215921 0.5018146 0.0000000 0.5013571 0.4983680 0.5075073 0.4920442 0.5856872 0.6459127 0.6595945 0.7385457 0.7159811 0.7290809 0.6841274 0.7629634 0.7621970 0.4797093 0.7868450 0.6824716 0.7121341 0.6722109 0.7426273 0.7681401 0.7290570 0.8009763 0.8687006 0.7707271 0.8744452 0.7819431 0.7693035 0.8052985 0.8056207 0.8557112 0.8194161 0.8432061 0.9209339 0.8200685 0.8955863 0.8118267 0.8993268 0.7503369 0.8215594 0.8714449 0.8421421 0.9278150 0.9113443 0.8539707 0.7610105 0.8704290 0.8256643 0.8648009 0.8372901 0.8670136 0.8333545 0.9007874 0.8351498 0.7828189 0.8814668 0.8682839 0.8693669 0.8319787 0.8227271 0.8364076 0.8939175 0.8769929 0.9051407 0.8024376 0.9571663 0.8739253 0.8562809 0.8922237 0.8271324 0.8690782 0.8532158 0.8295249 0.8381725 0.8166612 0.8326490 0.8093522 0.8916500 0.8518135 0.8488187 0.8624851 0.8695200 0.8636749 0.8499039 0.8344205 0.8308306 0.8484745 2.0280485 2.1350919 1.9029829 1.9753892 2.2821238 1.9968319 1.8343882 2.7841707 2.2139380 1.7478498 
CYANO150__Leptolyngbyaceae_cyanobacterium_JSC12__UniRef90_K8GTY7      0.4734447 0.5446382 0.2213337 0.5013571 0.0000000 0.5283652 0.2481752 0.4956796 0.4967542 0.5380688 0.6529004 0.6143350 0.6919589 0.6877100 0.6725272 0.6643734 0.6937576 0.4877901 0.6590966 0.6252210 0.6557738 0.6330237 0.6543824 0.7203619 0.7631317 0.6041235 0.6839662 0.7991801 0.7221181 0.7818142 0.6740340 0.8344506 0.7347159 0.9237422 0.7083413 0.8129948 0.7784571 0.7425440 0.8873494 0.7170670 0.7684821 0.7343977 0.8336633 0.8077436 0.8200879 0.7847914 0.7385072 0.8213635 0.6600197 0.7785711 0.8522868 0.7680417 0.7410573 0.7802473 0.8531906 0.8341305 0.7716406 0.8298247 0.7734391 0.8040305 0.8096913 0.7753018 0.8166375 0.7606661 0.7687631 0.7524212 0.8181487 0.8084378 0.8939421 0.8519506 0.7597504 0.8600191 0.8751031 0.8692753 0.8063186 0.7842770 0.8273421 0.7701236 0.7897712 0.7570178 0.8132426 0.8360215 0.8191944 0.8062045 0.7616606 0.8404154 0.8031843 0.8309110 0.7619362 0.8396929 2.0707055 2.0859380 2.1579798 1.9417368 2.3519820 1.9373658 1.6728782 2.5052672 2.1761205 1.5090331 
CYANO150__Halothece_sp__UniRef90_K9YEI2                               0.5965410 0.6828326 0.6353532 0.4983680 0.5283652 0.0000000 0.5795376 0.3906602 0.7032670 0.5960520 0.7485474 0.7240577 0.7741070 0.7230254 0.7138223 0.8154107 0.7215472 0.3654484 0.8234825 0.7516755 0.8513135 0.7524255 0.7581721 0.8139111 0.8485061 0.7596328 0.8117695 0.8409072 0.8415762 0.8698098 0.9350703 0.9301739 0.7883275 0.9640944 0.8432247 0.8454339 0.8829649 0.7816721 0.8849212 0.8139124 0.9208922 0.7796287 0.8321297 0.8514249 0.9119319 0.7990964 0.8536575 0.8153761 0.7886190 0.8478806 0.8567890 0.7811376 0.9146591 0.9448328 0.9549525 0.9434445 0.8182207 0.8271651 0.8668875 0.8109785 0.7953361 0.8019113 0.8238523 0.8030276 0.8371395 0.8529187 0.8267242 0.9039522 0.8830474 0.8398479 0.9691869 0.8755994 0.9274659 0.8551507 0.7988512 0.8187027 0.8082652 0.8303027 0.7994490 0.7171350 0.8576960 0.8118341 0.8565059 0.8306512 0.8139497 0.8420333 0.7964815 0.8095548 0.9463614 0.8673110 2.1518769 2.1392800 2.1769839 1.9879936 2.4226963 1.8268920 1.7326346 2.6322666 2.2633259 1.6345363 
CYANO150__Leptolyngbya_sp_LCM1Bin17__UniRef90_A0A6H2NHV9              0.5238390 0.5529893 0.2783154 0.5075073 0.2481752 0.5795376 0.0000000 0.4947963 0.5088113 0.5855087 0.6496350 0.6384102 0.6576222 0.6768283 0.6463810 0.7345561 0.6702567 0.5337711 0.6920711 0.6240924 0.6738671 0.6330451 0.7020320 0.7178036 0.7836559 0.7498149 0.7341749 0.8054245 0.7658539 0.8452335 0.6623680 0.8496122 0.7402540 0.8704641 0.7692809 0.8222339 0.8180689 0.7891252 0.8783336 0.7576101 0.7916886 0.7553763 0.8418783 0.8071313 0.8534987 0.8609571 0.8056299 0.7508394 0.6590593 0.7915482 0.8809832 0.8227174 0.7702767 0.8193639 0.8732795 0.8173781 0.7764953 0.8078752 0.7784279 0.7937025 0.7922783 0.7746670 0.7859730 0.8531766 0.7963859 0.8077755 0.8583396 0.8194933 0.8912339 0.8243869 0.7972209 0.8730567 0.9443921 0.8480136 0.8140182 0.7754879 0.8239882 0.7463471 0.8026047 0.7863859 0.7947333 0.8860661 0.8644425 0.8921985 0.8185440 0.8668551 0.7905628 0.8622296 0.8035300 0.9097192 2.1878502 2.1863339 2.0879739 1.9372214 2.2928873 1.7807050 1.6202791 2.5374018 2.1618782 1.4918021 
CYANO150__Symploca_sp_SIO2G7__UniRef90_A0A845YHD9                     0.5078330 0.5544853 0.4756309 0.4920442 0.4956796 0.3906602 0.4947963 0.0000000 0.6192635 0.6044202 0.7214364 0.6949006 0.7125455 0.7617814 0.6675715 0.7465737 0.6865329 0.3381522 0.7933895 0.6515424 0.7526738 0.7193315 0.7065716 0.8029100 0.7573742 0.7114873 0.7331918 0.8349111 0.7674456 0.8899850 0.8293471 0.8892723 0.7799298 0.8785656 0.8015653 0.7667471 0.8694966 0.7862228 0.8448813 0.8568652 0.8707031 0.7322702 0.7870743 0.8283010 0.9147846 0.8729138 0.8409349 0.8518363 0.7230449 0.8942945 0.8877347 0.9241558 0.8728209 0.8755092 0.9153920 0.8840694 0.8447081 0.7937645 0.7650698 0.8888988 0.8718455 0.8392464 0.8311225 0.8190798 0.8346306 0.8542984 0.8534397 0.8871366 1.0240546 0.9025091 0.8912648 0.9223779 0.9655461 0.8372355 0.8306343 0.7963514 0.8734081 0.8091447 0.7600523 0.8008543 0.8370074 0.9135499 0.9094239 0.8732347 0.8954927 0.8454529 0.8075018 0.8601411 0.8764801 0.9257238 2.1512859 2.1277796 1.9943890 1.9836456 2.3179766 1.7121605 1.5989298 2.5086148 2.0691988 1.5126299 
CYANO150__Deinococcus__UniRef90_A0A172TD44                            0.5565576 0.5661175 0.4917445 0.5856872 0.4967542 0.7032670 0.5088113 0.6192635 0.0000000 0.4970007 0.5852098 0.5608498 0.6806748 0.5820639 0.6535813 0.6484444 0.6472940 0.6426439 0.6257342 0.6650711 0.5785633 0.6443671 0.6545881 0.6096609 0.6506923 0.6692688 0.6180715 0.7022706 0.7144225 0.7507983 0.5969016 0.6936076 0.6388978 0.7813381 0.6831426 0.7737962 0.7249472 0.6953993 0.8497571 0.7157961 0.8016879 0.6404558 0.7962023 0.7033771 0.7919313 0.7270918 0.6928807 0.7157638 0.6711801 0.7681742 0.7326272 0.7407760 0.7642698 0.7610108 0.8009640 0.7850381 0.6742520 0.7483706 0.6510743 0.7613909 0.7383640 0.7887218 0.7276339 0.6897809 0.7552606 0.7263216 0.7836552 0.7296690 0.7854410 0.7944511 0.7105106 0.7825380 0.7879184 0.7505262 0.7542856 0.6895490 0.7653056 0.6925559 0.7513130 0.7339706 0.7114082 0.7974868 0.7758190 0.7990989 0.7630188 0.7572244 0.7895217 0.7340987 0.6791398 0.8470962 2.2547516 2.2665761 2.1772659 2.0100241 2.2506629 1.8049020 1.6710975 2.7501070 2.5174309 1.6332400 
CYANO150__Deinococcus_sp__UniRef90_UPI0025F8D0E5                      0.5309892 0.5758418 0.5674171 0.6459127 0.5380688 0.5960520 0.5855087 0.6044202 0.4970007 0.0000000 0.6723764 0.6203298 0.7486507 0.6400645 0.6411159 0.7671250 0.7174618 0.5946026 0.7588634 0.7258156 0.6804527 0.6944088 0.7444092 0.7529448 0.6998973 0.7045902 0.7160721 0.8157567 0.7625573 0.8585065 0.7752024 0.7879769 0.7586147 0.8582098 0.8211151 0.8638864 0.8317285 0.7790059 0.8626236 0.7739356 0.8703706 0.7524956 0.8481559 0.7683164 0.8545760 0.8448692 0.7436175 0.8349849 0.7605762 0.7660881 0.8604028 0.7442075 0.8387778 0.8156950 0.8369950 0.8940459 0.7466118 0.8428367 0.7309906 0.8290954 0.8410989 0.7535069 0.7975078 0.8009823 0.8053179 0.7979385 0.7877411 0.8339758 0.8250906 0.8373896 0.7626696 0.8457290 0.8414299 0.8048529 0.7592937 0.7837227 0.7848371 0.8117078 0.8644037 0.7556738 0.7791295 0.8378993 0.8305921 0.8339387 0.7506800 0.8022786 0.8066152 0.8377508 0.8241078 0.8668638 2.2552715 2.3130970 2.3316658 2.2621615 2.6205384 1.8388461 1.5949057 2.6651584 2.5700732 1.6645216 
CYANO150__Allomeiothermus_silvanus__UniRef90_UPI0023F38943            0.6056106 0.6247761 0.6270084 0.6595945 0.6529004 0.7485474 0.6496350 0.7214364 0.5852098 0.6723764 0.0000000 0.6196417 0.6617859 0.1991554 0.7466415 0.6248087 0.6028640 0.6996621 0.6742024 0.6887748 0.6280994 0.7054232 0.6730873 0.6703606 0.6055669 0.6792243 0.6783191 0.4959256 0.8090359 0.7742584 0.6346354 0.7646701 0.7086895 0.7086595 0.7495958 0.7551131 0.7796995 0.6381440 0.7428874 0.7705662 0.8111849 0.6912548 0.7451057 0.7900288 0.8604372 0.6807153 0.7140115 0.7215680 0.8073818 0.7530654 0.8182686 0.7457201 0.8291049 0.7520631 0.8231071 0.8537934 0.7259832 0.7860751 0.7080315 0.7540161 0.6905571 0.7254619 0.7270394 0.7679952 0.7976973 0.6799934 0.7569761 0.7881071 0.7475153 0.7577849 0.8464642 0.8675981 0.8419023 0.7516621 0.7554392 0.6783299 0.6904983 0.7648170 0.8506404 0.7929267 0.7085478 0.7440639 0.7593668 0.7417414 0.6747295 0.7476467 0.7184944 0.7603542 0.8019543 0.8272287 2.0775833 2.5313213 2.3306830 1.8932959 2.1992547 1.9031881 2.0223525 2.4622451 2.3335230 1.7650599 
CYANO150__Trueperaceae_bacterium__UniRef90_A0A5Q4G3V2                 0.6771041 0.7356731 0.6292391 0.7385457 0.6143350 0.7240577 0.6384102 0.6949006 0.5608498 0.6203298 0.6196417 0.0000000 0.7363227 0.5948296 0.6581430 0.5839477 0.5528093 0.6780508 0.6463678 0.6732166 0.6421240 0.6800541 0.6419394 0.7212382 0.6660817 0.6164723 0.6206392 0.7519877 0.6457029 0.7724013 0.6250268 0.7733126 0.5721568 0.8125352 0.7139133 0.7811045 0.7592720 0.6381451 0.8161486 0.6762033 0.7523934 0.6733007 0.8155050 0.6754203 0.9382140 0.6010528 0.6699564 0.7570753 0.7081201 0.8014151 0.8895736 0.7931167 0.7861649 0.8174247 0.9121655 0.8226577 0.6184334 0.7772240 0.6563146 0.7184916 0.7149054 0.8352919 0.7503891 0.7279262 0.7469085 0.6278238 0.7227342 0.8042152 0.8178262 0.7823285 0.7698809 0.8776077 0.9505630 0.7636043 0.6852009 0.6771743 0.7588647 0.7158900 0.8475187 0.8222737 0.6962150 0.7418913 0.7460620 0.7414613 0.7231969 0.7971091 0.7991645 0.7337149 0.6381895 0.8590325 1.9963388 2.3504314 2.3315465 2.0074334 2.1884560 1.8616748 1.8568727 2.4984165 2.4174638 1.5752810 
CYANO150__Myxococcales_bacterium__UniRef90_A0A2E7ZR97                 0.6600558 0.7096523 0.6982051 0.7159811 0.6919589 0.7741070 0.6576222 0.7125455 0.6806748 0.7486507 0.6617859 0.7363227 0.0000000 0.6522070 0.6432435 0.5228420 0.5503407 0.6982489 0.7155484 0.4292663 0.6962307 0.6467864 0.4129696 0.7337043 0.6251487 0.5561375 0.5699003 0.7286479 0.7113674 0.7557897 0.7623259 0.8675433 0.7495759 0.8898381 0.7860199 0.6865599 0.8818263 0.7009504 0.7539262 0.6990708 0.8365182 0.4926646 0.7418187 0.7523247 0.8861122 0.6165345 0.7286896 0.8173834 0.6301920 0.8797100 0.8839506 0.8918627 0.8494550 0.8495375 0.8997332 0.8930346 0.7999250 0.7514989 0.6519192 0.8388318 0.7352084 0.8614564 0.7532341 0.6696249 0.7029793 0.6688617 0.7833201 0.8672492 0.9242939 0.8394540 0.8115241 0.9265063 0.8534890 0.7807047 0.8184660 0.7113225 0.8043581 0.6068075 0.7949994 0.8922894 0.6066428 0.8417398 0.8920994 0.7992009 0.8435721 0.8324866 0.8023377 0.8853558 0.8533155 0.8629989 2.1210403 2.1888312 2.3068150 1.9636721 2.1984949 1.8723885 1.6567207 2.5421582 2.2537635 1.5054701 
CYANO150__Thermaceae_bacterium__UniRef90_A0A931EK09                   0.6452914 0.6618239 0.6658949 0.7290809 0.6877100 0.7230254 0.6768283 0.7617814 0.5820639 0.6400645 0.1991554 0.5948296 0.6522070 0.0000000 0.7869495 0.6414870 0.6051462 0.6385983 0.7565538 0.6848681 0.6515275 0.7200721 0.6734872 0.7085828 0.6336818 0.7004535 0.6750990 0.5182400 0.8035451 0.7945878 0.6886099 0.8069788 0.7053832 0.7826641 0.7635981 0.7658594 0.8124365 0.5913529 0.7904739 0.7448858 0.8460419 0.7375167 0.7626680 0.8058433 0.8420989 0.6932909 0.7350193 0.7862648 0.8370376 0.7601290 0.8323214 0.7572248 0.8609675 0.7879685 0.8431952 0.9115165 0.6755954 0.7912292 0.6967489 0.7557405 0.6944901 0.7526673 0.6789266 0.7749153 0.8116046 0.6935273 0.8284820 0.8740047 0.7760328 0.7802516 0.8553236 0.8552888 0.8235655 0.8064774 0.7439131 0.6534482 0.7708350 0.7725008 0.8799031 0.7754149 0.6643270 0.7462293 0.7540426 0.7573970 0.6931776 0.7898506 0.7412724 0.8143137 0.7999798 0.8589648 2.2102407 2.5655241 2.2974735 2.0086083 2.2781716 1.8676595 1.9043765 2.5912549 2.4489612 1.7673576 
CYANO150__Oligoflexia_bacterium__UniRef90_A0A923U6H7                  0.6190183 0.6604794 0.6235718 0.6841274 0.6725272 0.7138223 0.6463810 0.6675715 0.6535813 0.6411159 0.7466415 0.6581430 0.6432435 0.7869495 0.0000000 0.5819908 0.6211949 0.6118509 0.7807481 0.5940781 0.6911959 0.2212563 0.5821322 0.7443642 0.5922432 0.5095993 0.5592628 0.7928372 0.6963068 0.8207938 0.6993464 0.8414873 0.7781018 0.8651352 0.7611966 0.7697218 0.9384622 0.6719560 0.7997879 0.6704207 0.7308649 0.6471020 0.7958016 0.7034818 0.8974146 0.6225137 0.6503860 0.7149304 0.5031130 0.8887919 0.9076526 0.8493094 0.7459510 0.8856815 0.8908784 0.7717459 0.8186318 0.7065403 0.6782099 0.7889071 0.8166557 0.7935187 0.6951905 0.6541905 0.7325489 0.6703855 0.7840687 0.8054051 0.8671133 0.7810994 0.6790413 0.9503213 0.9127701 0.7731875 0.8112954 0.6747018 0.7432988 0.5605927 0.8637692 0.7989324 0.6873952 0.8950467 0.8546960 0.8489075 0.8273760 0.8049324 0.7282904 0.8074122 0.8387497 0.8615158 2.2463949 2.3147634 2.2308403 1.9824095 2.4671564 1.9744743 1.6933398 2.6715562 2.2867373 1.7398362 
CYANO150__Bacteroidota_bacterium__UniRef90_A0A3M2FMH9                 0.7086369 0.7269607 0.6618912 0.7629634 0.6643734 0.8154107 0.7345561 0.7465737 0.6484444 0.7671250 0.6248087 0.5839477 0.5228420 0.6414870 0.5819908 0.0000000 0.4639468 0.7152957 0.7182577 0.5161462 0.6660833 0.5671678 0.4981327 0.6681048 0.5722296 0.5800012 0.5906900 0.7116540 0.4716977 0.7368671 0.7094693 0.9064025 0.7498693 0.9282235 0.7129844 0.7690123 0.8620032 0.4524366 0.6964777 0.4918618 0.7021936 0.5919806 0.7917157 0.5297303 0.8189204 0.5920296 0.6727837 0.6972294 0.6492261 0.8039608 0.7712366 0.7935537 0.7075827 0.8603718 0.9043594 0.7720906 0.6882962 0.8628707 0.5309145 0.6974802 0.5985792 0.7969025 0.7088402 0.6854632 0.6492649 0.5899424 0.6836904 0.7933655 0.9369573 0.7298225 0.8224124 0.8857067 0.8023097 0.7806415 0.6484384 0.5132016 0.6892782 0.5677536 0.7383475 0.7877772 0.4742537 0.7480952 0.6810904 0.8553545 0.6357661 0.7326509 0.6735805 0.7340313 0.6887926 0.7726484 1.8858930 2.2843546 2.2337152 1.8149321 2.2039400 1.7937842 1.7071470 2.3492364 2.2572314 1.6366153 
CYANO150__Rhodothermales_bacterium__UniRef90_A0A9D8YSH6               0.6706287 0.7001195 0.6984064 0.7621970 0.6937576 0.7215472 0.6702567 0.6865329 0.6472940 0.7174618 0.6028640 0.5528093 0.5503407 0.6051462 0.6211949 0.4639468 0.0000000 0.7092739 0.6451687 0.5939654 0.6718978 0.5624949 0.6387929 0.6711135 0.5482168 0.6859443 0.6352047 0.6635128 0.5587603 0.7030620 0.6808194 0.7465810 0.6970426 0.7573137 0.7384842 0.7354801 0.8683887 0.3702450 0.7301380 0.5723190 0.7717139 0.6576171 0.7887382 0.6058452 0.7848838 0.6876265 0.6728048 0.7348455 0.5972209 0.7944888 0.7615216 0.7627268 0.8391576 0.8362935 0.8165891 0.8030046 0.6827122 0.7562900 0.5304530 0.7419811 0.6772679 0.8104958 0.7027530 0.6574605 0.7022714 0.6843946 0.7102661 0.6934671 0.8573639 0.7952712 0.8008309 0.8976332 0.8066221 0.7498846 0.7135499 0.3904732 0.7410331 0.6266179 0.7538340 0.8595205 0.5014241 0.8145320 0.8039952 0.8428969 0.7463785 0.8388611 0.7470126 0.7858229 0.7777694 0.7492626 2.0097544 2.3213749 2.1843452 1.8061698 2.0724107 1.8953915 1.7142200 2.4280747 2.4307198 1.5992731 
CYANO150__filamentous_cyanobacterium_CCP5__UniRef90_A0A2P8WHZ5        0.5206361 0.5791721 0.4904460 0.4797093 0.4877901 0.3654484 0.5337711 0.3381522 0.6426439 0.5946026 0.6996621 0.6780508 0.6982489 0.6385983 0.6118509 0.7152957 0.7092739 0.0000000 0.7720601 0.7263756 0.8156608 0.6639286 0.6777597 0.8476770 0.8392486 0.7209804 0.7839854 0.8299565 0.7702999 0.8740049 0.7773563 0.7763307 0.6926850 0.8232939 0.7954597 0.7309453 0.8469604 0.8031905 0.8598495 0.7524970 0.8169551 0.7093486 0.7962787 0.8042962 0.9251061 0.8209339 0.8166474 0.8576347 0.6922680 0.8499433 0.8204147 0.8245141 0.7805756 0.7784252 0.9474395 0.9006035 0.7668717 0.7552571 0.8422022 0.8263805 0.8113583 0.8263915 0.8136078 0.8054597 0.8723458 0.8534861 0.8258507 0.9047396 0.9299336 0.8613680 0.6945037 0.9182469 0.8921933 0.8163019 0.8138962 0.8436602 0.8263471 0.7610136 0.7555592 0.7504372 0.8460802 0.8448386 0.8435026 0.7491014 0.8160087 0.8848548 0.8055785 0.8004524 0.8265957 0.7872508 1.7133323 1.9120165 1.8889662 1.7732216 1.9608308 1.8606123 1.7318016 2.4369732 2.1691624 1.5943247 
CYANO150__Gracilibacteria_bacterium__UniRef90_A0A968T6V2              0.6998429 0.8362224 0.6749548 0.7868450 0.6590966 0.8234825 0.6920711 0.7933895 0.6257342 0.7588634 0.6742024 0.6463678 0.7155484 0.7565538 0.7807481 0.7182577 0.6451687 0.7720601 0.0000000 0.7754475 0.4188623 0.7336865 0.7169677 0.3904179 0.7974931 0.6639144 0.6625236 0.8169292 0.7846994 0.8185940 0.6243494 0.8194478 0.7432535 0.8362718 0.4696769 0.7927675 0.8307905 0.6840748 0.7926983 0.8496418 0.6308172 0.6689364 0.8325063 0.7993275 0.8627224 0.7034631 0.7685975 0.9277021 0.7437384 0.9562923 0.8291730 0.9265925 0.5188162 0.8660304 0.9770829 0.5797242 0.7393401 0.8304735 0.7766976 0.9491539 0.8818984 0.9751608 0.8459435 0.7318927 0.7530736 0.7149546 0.9682916 0.7841642 0.9943357 0.9601972 0.7897201 0.8767183 0.8454204 0.7954878 0.9199999 0.7507411 0.9185716 0.6705871 0.8331776 0.8872327 0.7560777 0.9372724 0.9209902 0.7770741 0.8989864 0.9749537 0.9141443 0.8476050 0.8215344 0.8584999 2.1338769 2.3094371 2.2825694 2.0285974 2.4371457 2.1768092 1.8803552 2.6510558 2.2839117 1.6564363 
CYANO150__Deltaproteobacteria_bacterium__UniRef90_A0A2D4SQ06          0.6662703 0.6803733 0.6319868 0.6824716 0.6252210 0.7516755 0.6240924 0.6515424 0.6650711 0.7258156 0.6887748 0.6732166 0.4292663 0.6848681 0.5940781 0.5161462 0.5939654 0.7263756 0.7754475 0.0000000 0.6663466 0.5888883 0.3548968 0.7235951 0.5651945 0.5877545 0.6265091 0.7182720 0.6863104 0.7445345 0.6787751 0.8265040 0.7955119 0.8547015 0.7554314 0.7212959 0.8511806 0.6052300 0.7666885 0.6186697 0.7010121 0.4730050 0.7997950 0.6512359 0.7547947 0.6588789 0.7209648 0.8434662 0.6282753 0.8717126 0.7615797 0.8919968 0.7577331 0.8780607 0.9125446 0.8154986 0.7186337 0.7770267 0.5887111 0.8924791 0.8413648 0.8989194 0.8614275 0.6539160 0.7920097 0.6574456 0.8574229 0.7649739 0.9279089 0.9509827 0.7943800 0.9372360 0.7709304 0.7586388 0.8725126 0.6752823 0.8881500 0.5795700 0.8093583 0.9400197 0.5972301 0.8461237 0.9360902 0.8482323 0.8730186 0.9100620 0.8775398 0.8814531 0.8481567 0.7290903 2.0103157 2.2759955 1.9904118 1.9898919 2.2255016 2.0244362 1.6540865 2.3957050 2.0210019 1.6534082 
CYANO150__unclassified_Roseiflexus__UniRef90_A5UXH7                   0.6862215 0.7310328 0.7081096 0.7121341 0.6557738 0.8513135 0.6738671 0.7526738 0.5785633 0.6804527 0.6280994 0.6421240 0.6962307 0.6515275 0.6911959 0.6660833 0.6718978 0.8156608 0.4188623 0.6663466 0.0000000 0.6597750 0.7395190 0.2354587 0.7045761 0.6521467 0.6831381 0.7212058 0.7579509 0.7473602 0.6455589 0.8384937 0.7122316 0.8502237 0.3295081 0.7513480 0.7905814 0.6950884 0.7334407 0.8079343 0.4302079 0.6568443 0.7930428 0.7501553 0.8034872 0.6572567 0.7564250 0.8260565 0.6288382 0.9228287 0.7925663 0.8886912 0.4120176 0.9032347 0.8743669 0.4225438 0.7044713 0.7972814 0.6972417 0.8148229 0.7824761 0.8769442 0.8157458 0.6790615 0.7042456 0.7033001 0.7856968 0.7807319 0.8875912 0.8304868 0.7476775 0.8577002 0.7994443 0.7997397 0.7994174 0.7301481 0.7881522 0.6661099 0.8270821 0.8290700 0.7418448 0.7819647 0.7899780 0.7802987 0.7841909 0.8980192 0.8419329 0.8130408 0.7105263 0.7858300 2.0383100 2.2685129 2.2227431 1.9691690 2.4081474 1.9541137 1.8754344 2.5724185 2.2855915 1.6614546 
CYANO150__Oligoflexia_bacterium__UniRef90_A0A924SSG2                  0.6593161 0.6577007 0.6229522 0.6722109 0.6330237 0.7524255 0.6330451 0.7193315 0.6443671 0.6944088 0.7054232 0.6800541 0.6467864 0.7200721 0.2212563 0.5671678 0.5624949 0.6639286 0.7336865 0.5888883 0.6597750 0.0000000 0.5724501 0.6648842 0.5707114 0.5997864 0.5935845 0.8143818 0.6707465 0.7907251 0.6339738 0.8199550 0.7785444 0.8368665 0.7497718 0.7213855 0.8916726 0.6413725 0.7273354 0.6118134 0.7535606 0.6322872 0.7545812 0.6983268 0.8794920 0.6066061 0.6467563 0.7267232 0.4802825 0.8738242 0.8050404 0.8649293 0.7924922 0.8007392 0.8646985 0.7416312 0.8145822 0.7233544 0.6276921 0.8021363 0.7943416 0.7880354 0.7470539 0.6373745 0.7063233 0.6213775 0.7964928 0.7626532 0.8948874 0.8237596 0.6582702 0.9258990 0.8975012 0.6963559 0.7746256 0.6318355 0.7546957 0.5907142 0.8815749 0.8950790 0.6316657 0.8548535 0.8485547 0.8709220 0.7953123 0.8593419 0.7517148 0.8016964 0.8406788 0.8093777 2.1683488 2.2588507 2.1641266 1.9794002 2.3261822 2.0168702 1.7346355 2.6088570 2.2295553 1.7500555 
CYANO150__Deltaproteobacteria_bacterium__UniRef90_A0A2E7UR14          0.6792384 0.6522834 0.6453374 0.7426273 0.6543824 0.7581721 0.7020320 0.7065716 0.6545881 0.7444092 0.6730873 0.6419394 0.4129696 0.6734872 0.5821322 0.4981327 0.6387929 0.6777597 0.7169677 0.3548968 0.7395190 0.5724501 0.0000000 0.7433229 0.5990758 0.5477867 0.5620476 0.7661281 0.6610569 0.7161006 0.6378621 0.8695093 0.8303604 0.9237705 0.7807431 0.7530275 0.8754625 0.6175207 0.7083131 0.6723938 0.7665744 0.4379237 0.8116787 0.6749157 0.9036797 0.6057736 0.7317239 0.8697403 0.6373803 0.9504608 0.8188853 0.9698146 0.8365714 0.8586920 0.9354514 0.8916931 0.7904745 0.7752521 0.6645147 0.9144731 0.8189348 0.8755556 0.8351232 0.6288952 0.6179427 0.6269692 0.8498447 0.8502596 0.9723884 0.8598575 0.8641719 0.9856884 0.8453948 0.7703639 0.8690700 0.6534783 0.8249655 0.6526247 0.7700585 0.9186461 0.6023864 0.8637168 0.8972586 0.7894154 0.8136490 0.8710461 0.8291181 0.9019106 0.8461509 0.8101926 2.1552858 2.3066041 2.1526378 2.1144874 2.3387204 1.9051386 1.6063729 2.4608371 2.3345402 1.6295711 
CYANO150__Roseiflexaceae_bacterium__UniRef90_A0A926CB40               0.7756914 0.8381674 0.7410938 0.7681401 0.7203619 0.8139111 0.7178036 0.8029100 0.6096609 0.7529448 0.6703606 0.7212382 0.7337043 0.7085828 0.7443642 0.6681048 0.6711135 0.8476770 0.3904179 0.7235951 0.2354587 0.6648842 0.7433229 0.0000000 0.7726316 0.7361370 0.7082700 0.7273570 0.7894300 0.7754436 0.6866719 0.8225248 0.7253734 0.8441705 0.3113571 0.7587267 0.8535425 0.7113063 0.8079911 0.8446009 0.3991016 0.7396785 0.8483887 0.7541965 0.8297625 0.7142423 0.7540628 0.8507692 0.7259183 0.9468069 0.7907892 0.8889421 0.3830020 0.8458584 0.9192850 0.3897465 0.6790943 0.8426571 0.7102036 0.8499947 0.8235695 0.9062278 0.8681785 0.6847036 0.7400549 0.7151797 0.8862558 0.8487157 0.9295031 0.9086241 0.7951318 0.8667439 0.8043275 0.8005649 0.8212950 0.7604447 0.8611624 0.6945970 0.8358291 0.8802350 0.7077053 0.8715346 0.9139435 0.7934770 0.8389600 0.9508104 0.8953767 0.8330805 0.7523426 0.8249053 2.1290794 2.3963341 2.3304325 2.0276008 2.5053827 2.0835590 1.9200944 2.5583907 2.3149236 1.6462413 
CYANO150__Candidatus_Sericytochromatia_bacterium__UniRef90_A0A923XRS8 0.6838358 0.6638339 0.7414586 0.7290570 0.7631317 0.8485061 0.7836559 0.7573742 0.6506923 0.6998973 0.6055669 0.6660817 0.6251487 0.6336818 0.5922432 0.5722296 0.5482168 0.8392486 0.7974931 0.5651945 0.7045761 0.5707114 0.5990758 0.7726316 0.0000000 0.6285972 0.6151011 0.7571544 0.7132335 0.7378734 0.7344458 0.7849255 0.7556543 0.8392926 0.7784656 0.8556900 0.9417978 0.5515526 0.7293988 0.6876285 0.8402197 0.6794913 0.8122502 0.7677660 0.8522325 0.6180297 0.7122312 0.7609644 0.7428934 0.8904424 0.8543523 0.9028523 0.8578013 0.8891179 0.8575425 0.8772056 0.8322529 0.8089468 0.5337734 0.7771003 0.7874473 0.8120945 0.7709351 0.6811932 0.7827056 0.7618024 0.8183877 0.8885838 0.8541032 0.8490622 0.8275369 0.8696054 0.8836743 0.8072189 0.7808810 0.5088608 0.7349056 0.7715654 0.7972279 0.8529742 0.5551615 0.8093354 0.7913070 0.9091640 0.8001504 0.8430162 0.7767179 0.8070802 0.7923470 0.8618164 2.2309527 2.3549938 2.2490885 2.0896220 2.3217643 1.8368598 1.7077994 2.4094246 2.3786219 1.8204972 
CYANO150__Chloroflexota_bacterium__UniRef90_A0A6L9IXQ0                0.6883332 0.7478138 0.6386084 0.8009763 0.6041235 0.7596328 0.7498149 0.7114873 0.6692688 0.7045902 0.6792243 0.6164723 0.5561375 0.7004535 0.5095993 0.5800012 0.6859443 0.7209804 0.6639144 0.5877545 0.6521467 0.5997864 0.5477867 0.7361370 0.6285972 0.0000000 0.3097132 0.7757313 0.5751753 0.7657654 0.7255893 0.9209874 0.6286421 0.9321760 0.7700513 0.8373984 0.8309474 0.5989277 0.6756764 0.7097106 0.8650127 0.5241418 0.8227332 0.6105185 0.9234036 0.4181373 0.4783119 0.6791223 0.6774949 0.9146705 0.8980994 0.8583157 0.8316575 0.8910201 0.9245880 0.8253681 0.7107426 0.8423603 0.6483511 0.6666134 0.7322484 0.7189090 0.7670768 0.4450486 0.5262246 0.4670893 0.7630251 0.8224794 0.8803531 0.7085532 0.8239373 0.8651383 0.8945940 0.7816161 0.7191354 0.6647937 0.6353122 0.6312591 0.8300053 0.7291327 0.6309215 0.6683976 0.7190523 0.8336588 0.6861632 0.7205967 0.6831314 0.7053140 0.7230134 0.7706023 2.2204297 2.3611667 2.2860728 2.1543915 2.6759273 1.8821138 1.6458246 2.6924365 2.2660477 1.7069200 
CYANO150__Chloroflexota_bacterium__UniRef90_A0A8T7L1S3                0.7113167 0.7761005 0.6557958 0.8687006 0.6839662 0.8117695 0.7341749 0.7331918 0.6180715 0.7160721 0.6783191 0.6206392 0.5699003 0.6750990 0.5592628 0.5906900 0.6352047 0.7839854 0.6625236 0.6265091 0.6831381 0.5935845 0.5620476 0.7082700 0.6151011 0.3097132 0.0000000 0.8296200 0.6271488 0.8457722 0.6209539 0.8252340 0.7420875 0.8594266 0.7622282 0.8755508 0.9101786 0.5474897 0.7918464 0.7060165 0.8685999 0.4627114 0.8176966 0.6048029 0.9537713 0.3945017 0.3872124 0.6883302 0.7056546 0.7896312 0.8575432 0.8093542 0.8110127 0.8318095 0.8401284 0.8268492 0.7912011 0.8641409 0.6174840 0.6802055 0.7231367 0.7329964 0.7511163 0.4116273 0.5284210 0.4358770 0.7272688 0.8191501 0.7937489 0.7163556 0.7776577 0.8839702 0.9942062 0.8185006 0.7383754 0.6263389 0.6724817 0.6320333 0.8082120 0.7261669 0.6130575 0.7255599 0.7629329 0.8506994 0.7153971 0.7617852 0.7439255 0.7209855 0.8332570 0.8644996 2.1612241 2.3897535 2.2361945 1.9762566 2.6004611 1.9661516 1.6341387 2.7515155 2.4115928 1.6405210 
CYANO150__Meiothermus_sp_QL1__UniRef90_A0A370JXE9                     0.7796423 0.8041902 0.8121748 0.7707271 0.7991801 0.8409072 0.8054245 0.8349111 0.7022706 0.8157567 0.4959256 0.7519877 0.7286479 0.5182400 0.7928372 0.7116540 0.6635128 0.8299565 0.8169292 0.7182720 0.7212058 0.8143818 0.7661281 0.7273570 0.7571544 0.7757313 0.8296200 0.0000000 0.9250618 0.7946945 0.7696122 0.7922372 0.8598867 0.8774289 0.7316284 0.8120690 1.0129094 0.6335574 0.8782523 0.8261770 0.8740741 0.8502425 0.9055852 0.8950534 0.9779192 0.8243758 0.8533243 0.9181234 0.8767392 0.9822730 0.9147356 0.9028220 0.8284966 0.8966907 0.9285569 0.8341994 0.8748688 0.8155076 0.7559592 0.9322400 0.9319759 0.9674597 0.8466860 0.7955069 0.8641711 0.8191118 0.9628734 0.9600974 0.9604245 0.9531205 0.9405240 1.0649464 0.9180223 0.9092938 0.8685721 0.7212104 0.9017928 0.7761460 0.8616082 0.9592694 0.7308315 0.9680877 0.9618675 0.9072576 0.9395306 0.9885298 0.8956512 0.8985048 0.9124315 0.9670346 2.4228115 2.5950837 2.4794483 2.0667303 2.6133504 2.1661235 1.9036060 2.8016630 2.4944808 1.8061844 
CYANO150__Salisaeta_longa__UniRef90_UPI0003B640DC                     0.8092124 0.9009687 0.7645589 0.8744452 0.7221181 0.8415762 0.7658539 0.7674456 0.7144225 0.7625573 0.8090359 0.6457029 0.7113674 0.8035451 0.6963068 0.4716977 0.5587603 0.7702999 0.7846994 0.6863104 0.7579509 0.6707465 0.6610569 0.7894300 0.7132335 0.5751753 0.6271488 0.9250618 0.0000000 0.9195401 0.7325564 0.9473660 0.7940901 0.9838025 0.8137948 0.9393858 0.9541090 0.5527626 0.8116349 0.5711660 0.8700749 0.5477987 0.9631231 0.3538362 1.0676888 0.5712249 0.6820950 0.7423660 0.7048060 0.8515102 1.0242329 0.8272291 0.8733836 0.9980674 0.9515063 0.8918679 0.7807038 0.9365051 0.5761028 0.6845041 0.6789306 0.7748932 0.7209108 0.5975333 0.6811074 0.5968038 0.7483003 1.0081891 0.8745740 0.7792650 0.8966158 0.8340656 1.0542915 0.9130963 0.7044440 0.5888481 0.7642075 0.8084535 0.8099110 0.7802397 0.5599914 0.8045986 0.7009185 0.9402283 0.7178359 0.7399028 0.7351149 0.7603560 0.8404033 1.0236278 2.0196910 2.1890074 2.3684667 1.9018532 2.3746190 2.0044976 1.5765037 2.6334491 2.2375658 1.7053711 
CYANO150__Williamsia_sp_CHRR6__UniRef90_UPI001BDAAC7A                 0.7387107 0.8049912 0.7529491 0.7819431 0.7818142 0.8698098 0.8452335 0.8899850 0.7507983 0.8585065 0.7742584 0.7724013 0.7557897 0.7945878 0.8207938 0.7368671 0.7030620 0.8740049 0.8185940 0.7445345 0.7473602 0.7907251 0.7161006 0.7754436 0.7378734 0.7657654 0.8457722 0.7946945 0.9195401 0.0000000 0.8828613 0.6031911 0.7505488 0.6187724 0.8667304 0.5738931 0.9238969 0.7667415 0.9770065 0.8219973 0.8938784 0.8692355 0.4904507 0.9023932 0.4829850 0.8940729 0.9712268 0.9122965 0.8923677 1.0723069 0.4259163 1.0751571 0.9552019 0.4937517 0.6838055 0.8448944 0.7850439 0.5421137 0.8891761 0.9512473 0.9368537 0.9607150 0.9260031 0.8619304 0.8048033 0.8745523 0.9727481 0.4556214 1.0188728 1.0174415 0.8034944 1.0245083 0.4427337 0.4910226 0.9446100 0.7798636 0.9493375 0.8612961 0.9722801 1.0294218 0.8616512 1.0056334 0.9829956 0.8453663 0.9389711 0.9755746 0.9643027 0.9368324 0.8113922 0.3139951 1.9549858 2.3101250 2.2974174 2.0585179 2.4950745 2.0166756 1.8339737 2.6018832 2.4014967 1.7670463 
CYANO150__Deinococcales_bacterium__UniRef90_A0A924RR09                0.7339794 0.7266943 0.6470883 0.7693035 0.6740340 0.9350703 0.6623680 0.8293471 0.5969016 0.7752024 0.6346354 0.6250268 0.7623259 0.6886099 0.6993464 0.7094693 0.6808194 0.7773563 0.6243494 0.6787751 0.6455589 0.6339738 0.6378621 0.6866719 0.7344458 0.7255893 0.6209539 0.7696122 0.7325564 0.8828613 0.0000000 0.7519969 0.8368074 0.7845411 0.7612736 0.9403829 0.8970728 0.7237823 0.8674593 0.8164158 0.8770045 0.6153018 0.8964361 0.7202491 0.9291543 0.6919335 0.7113721 0.7559211 0.6489377 0.8475960 0.8747189 0.8428040 0.8510319 0.8485733 0.8813503 0.8292231 0.8576698 0.8439857 0.7308737 0.7967981 0.7475668 0.8027339 0.7695112 0.6910662 0.7557270 0.6704358 0.8001570 0.8573826 0.9040105 0.8365251 0.8508579 0.9288152 0.9443152 0.8670490 0.7185575 0.7676188 0.7885768 0.7497583 0.8145430 0.8245518 0.7451803 0.7818806 0.7774959 0.8853167 0.7527241 0.8067895 0.8333528 0.7577122 0.8419249 0.9530559 2.2554510 2.3335930 2.4725017 2.0679344 2.2665930 1.9595916 1.6334250 2.7424591 2.4300495 1.6530609 
CYANO150__Frankiaceae_bacterium__UniRef90_A0A924NNI9                  0.7140572 0.7535346 0.7625880 0.8052985 0.8344506 0.9301739 0.8496122 0.8892723 0.6936076 0.7879769 0.7646701 0.7733126 0.8675433 0.8069788 0.8414873 0.9064025 0.7465810 0.7763307 0.8194478 0.8265040 0.8384937 0.8199550 0.8695093 0.8225248 0.7849255 0.9209874 0.8252340 0.7922372 0.9473660 0.6031911 0.7519969 0.0000000 0.9817557 0.3256114 0.8387661 0.7019803 0.9573483 0.7862792 1.0279453 0.9898261 0.9488524 0.9286686 0.5769112 0.9006841 0.7075160 0.9539756 0.9305754 0.9269860 0.8360838 0.9299136 0.6806116 0.9101161 0.8976788 0.2862755 0.4796475 0.8388547 0.9474697 0.6306229 0.8971906 0.9297175 1.0217187 1.0114951 0.9180138 0.9331005 0.9711533 0.9638835 1.0024574 0.6388995 0.9481873 1.0735952 0.8144261 0.9611725 0.6826219 0.5416367 0.9623665 0.8596607 1.0982414 0.8695599 0.9182722 0.9855494 0.8926003 1.0473915 0.9844592 0.9272181 0.9519216 0.9026151 0.9303667 0.9249341 0.9621044 0.6398115 2.0443331 2.2078692 2.5221680 1.9331595 2.2925058 2.1336784 1.5970988 2.4901026 2.3816664 1.8765992 
CYANO150__Ilumatobacteraceae_bacterium__UniRef90_A0A973H857           0.7490254 0.7439544 0.7796813 0.8056207 0.7347159 0.7883275 0.7402540 0.7799298 0.6388978 0.7586147 0.7086895 0.5721568 0.7495759 0.7053832 0.7781018 0.7498693 0.6970426 0.6926850 0.7432535 0.7955119 0.7122316 0.7785444 0.8303604 0.7253734 0.7556543 0.6286421 0.7420875 0.8598867 0.7940901 0.7505488 0.8368074 0.9817557 0.0000000 0.9643266 0.7192169 0.7704037 0.4425013 0.7206615 0.8319917 0.7130567 0.8218637 0.8420412 0.8182222 0.7825489 0.8603886 0.7562103 0.7821375 0.8464601 0.7551764 0.8617832 0.8573920 0.8703721 0.8539547 0.9495455 0.9527484 0.8058370 0.2384805 0.7569473 0.8245052 0.7872208 0.7495722 0.8820761 0.8809672 0.7725545 0.9062416 0.7630503 0.7363119 0.9519123 0.8933443 0.9181337 0.9227681 0.7416778 0.8893652 0.8113839 0.7703435 0.7947554 0.7896546 0.7545144 0.8224352 0.8865009 0.7916128 0.8536182 0.8597829 0.5953229 0.8098538 0.8465767 0.8504257 0.8296027 0.2525435 0.7941778 2.1601197 2.3635006 2.4392147 2.0811487 2.6223792 1.8205635 1.8188470 2.7587861 2.4772041 1.7804748 
CYANO150__Frankiaceae_bacterium__UniRef90_A0A924NQ99                  0.7291003 0.7756461 0.8152462 0.8557112 0.9237422 0.9640944 0.8704641 0.8785656 0.7813381 0.8582098 0.7086595 0.8125352 0.8898381 0.7826641 0.8651352 0.9282235 0.7573137 0.8232939 0.8362718 0.8547015 0.8502237 0.8368665 0.9237705 0.8441705 0.8392926 0.9321760 0.8594266 0.8774289 0.9838025 0.6187724 0.7845411 0.3256114 0.9643266 0.0000000 0.9706300 0.6836270 1.0017865 0.8304746 0.9880443 0.9778974 1.0073994 0.8911008 0.5760580 0.9231012 0.7038550 0.9798402 0.9701825 0.9764230 0.8419811 1.0352957 0.6305519 0.9681822 1.0322319 0.3574756 0.5306657 0.9547849 0.9240487 0.6638623 0.8638095 0.9379749 0.9781978 1.0434059 0.9735096 0.9267526 0.9501115 0.9547856 1.0062587 0.5949137 1.0037005 1.0609521 0.8780561 0.9374136 0.7010360 0.5897109 0.9390454 0.8637933 1.0866626 0.8918899 0.9674421 0.9963700 0.8830282 1.0196339 0.9521978 0.9162397 0.9196049 1.0186472 0.9480502 0.9730328 0.9692453 0.6707648 1.9792530 2.2664486 2.3527095 2.0384433 2.2403332 2.1672601 1.7725052 2.5145984 2.2315239 1.8676421 
CYANO150__Armatimonadota_bacterium__UniRef90_A0A926BAJ6               0.8124217 0.8258581 0.7450717 0.8194161 0.7083413 0.8432247 0.7692809 0.8015653 0.6831426 0.8211151 0.7495958 0.7139133 0.7860199 0.7635981 0.7611966 0.7129844 0.7384842 0.7954597 0.4696769 0.7554314 0.3295081 0.7497718 0.7807431 0.3113571 0.7784656 0.7700513 0.7622282 0.7316284 0.8137948 0.8667304 0.7612736 0.8387661 0.7192169 0.9706300 0.0000000 0.7941759 0.8886727 0.7666764 0.8806151 0.8838946 0.3080379 0.7958143 0.8916304 0.7977771 0.9359268 0.7342187 0.8302745 0.9192207 0.7462019 0.9403876 0.9331669 0.9239828 0.2580146 0.9038134 0.9939576 0.3147991 0.7270697 0.8886922 0.7682646 0.9771244 0.9087321 0.9387288 0.8495224 0.7860347 0.8424859 0.7495271 0.8975444 0.9829397 1.0084955 0.9512467 0.8060448 0.9230481 0.9587935 0.8317933 0.9418953 0.8270100 0.9201957 0.6730171 0.8278964 0.8666828 0.7922050 1.0186173 0.9750391 0.7893270 0.9535497 1.0070729 0.9009497 0.9262793 0.8087870 0.9238639 2.2839692 2.5314164 2.5201142 2.2193946 2.6693968 2.1101379 1.9255851 2.7570664 2.5304415 1.6550499 
CYANO150__Actinomycetes_bacterium__UniRef90_A0A3C1P5D0                0.7580769 0.8117184 0.7858376 0.8432061 0.8129948 0.8454339 0.8222339 0.7667471 0.7737962 0.8638864 0.7551131 0.7811045 0.6865599 0.7658594 0.7697218 0.7690123 0.7354801 0.7309453 0.7927675 0.7212959 0.7513480 0.7213855 0.7530275 0.7587267 0.8556900 0.8373984 0.8755508 0.8120690 0.9393858 0.5738931 0.9403829 0.7019803 0.7704037 0.6836270 0.7941759 0.0000000 0.9133316 0.8141003 0.9805384 0.8652969 0.8883453 0.8542815 0.4525115 0.9110355 0.6934887 0.8794933 0.9757032 0.9820673 0.8056025 1.1467790 0.6459055 1.1124695 0.8285103 0.6212440 0.7166808 0.8279965 0.7821388 0.2885196 0.9132622 1.0215702 1.0032908 0.9982151 0.9603677 0.8927518 0.9646001 0.8708177 1.0442543 0.6248983 1.0672975 1.0789893 0.8031630 1.0586300 0.6625723 0.4680582 1.0154398 0.8866010 1.0491664 0.7886924 1.0129774 1.0468442 0.8463254 1.1284605 1.0494032 0.8227758 1.0247946 1.0257209 0.9840486 1.0196349 0.8215092 0.5459502 2.0955719 2.4285820 2.4069582 2.1642086 2.3664301 2.0316935 1.7963779 2.6817453 2.4179781 1.8601745 
CYANO150__Actinotalea_ferrariae_CF54__UniRef90_A0A021VV84             0.8205404 0.8658106 0.8388533 0.9209339 0.7784571 0.8829649 0.8180689 0.8694966 0.7249472 0.8317285 0.7796995 0.7592720 0.8818263 0.8124365 0.9384622 0.8620032 0.8683887 0.8469604 0.8307905 0.8511806 0.7905814 0.8916726 0.8754625 0.8535425 0.9417978 0.8309474 0.9101786 1.0129094 0.9541090 0.9238969 0.8970728 0.9573483 0.4425013 1.0017865 0.8886727 0.9133316 0.0000000 0.8598385 0.9480393 0.9407656 1.0175346 0.9315349 0.7943664 0.9175045 0.9023600 0.8770666 0.9235081 0.8996389 0.7959209 0.8534832 0.8210599 0.8353484 0.9567297 0.9043328 1.0238931 1.0107167 0.4435027 0.8873964 0.9058703 0.9526409 0.8824168 0.9123972 0.9402077 0.8852511 1.0376715 0.9418577 0.9152530 0.9710452 0.8681971 0.9384595 1.1168997 0.7981713 0.9167459 0.8263824 0.9517645 0.8620595 0.8820089 0.8611464 0.8464039 0.8583282 0.9243294 0.9061357 0.9188557 0.6342945 0.9005190 0.8786506 0.9036824 0.8884996 0.5435614 0.9202413 2.1114637 2.2337145 2.4014201 2.1944607 2.7715534 1.9815774 1.7741526 2.4755582 2.3074401 1.7690102 
