160
YCyR2hit__Nodosilinea_nodulosa__UniRef90_A0AAJ6N6B2                        0.0000000 1.9722415 2.0473320 2.1518634 2.1148479 2.1215633 2.2241463 2.0905988 2.1625973 2.1550106 2.1429296 2.2228096 2.2976569 2.2717287 2.2868870 2.8931545 2.9419809 2.7906080 2.8609410 2.8282204 2.5762441 2.9541928 2.9043773 2.6459665 2.7565713 2.3517156 2.3871916 2.3375663 2.2142558 2.4601129 2.4297566 2.3312310 2.3903344 2.2558989 2.4681773 2.5571833 2.3928731 2.1578254 2.3585359 2.3778315 2.2199565 2.3170388 2.1854507 4.9277948 5.3967504 5.1872172 5.0880984 5.1106033 5.0114633 5.7761049 5.5220749 5.7293654 4.8861200 5.2522480 4.7438962 5.3258121 5.1781981 5.1447824 5.3058583 5.7707503 5.5734839 6.2622019 5.6790069 5.0995916 5.1039668 5.8425842 5.5486943 5.5038193 5.1051468 5.4752587 6.5346424 5.1926553 5.3517776 5.2034341 5.1397657 5.3832653 5.3145027 5.7074948 5.8614121 4.8030321 5.6806050 4.5179643 5.1984830 5.8410658 5.1046920 5.0771497 4.9183987 5.4566027 2.9652933 2.3770805 2.8981116 3.0155529 3.0695167 3.1126251 3.0923783 3.0438421 0.0000010 3.0200361 5.6253722 3.0774117 2.3056488 5.0656498 2.3415835 3.1469458 2.3725567 2.5315475 2.1630050 2.1614584 2.1861639 2.1418872 2.2122423 2.2021837 2.1860034 6.0457911 2.3105449 3.2250105 5.5123128 2.4836947 2.4849425 0.8241533 2.7451372 2.2638969 2.2594083 2.3144746 2.8956053 3.2510855 2.3706172 2.8269641 2.3713152 2.8269641 3.2243688 7.3986528 3.1825292 3.0312655 7.4939851 2.9990403 7.4626426 2.8520524 2.9759454 2.2520046 2.6333054 2.8223755 2.2504809 2.3304878 2.8169908 2.1313468 2.1282051 2.2783060 2.2681375 3.3024770 2.7768854 2.7882029 2.3611706 2.3758656 2.4993921 2.2453372 2.4601129 3.0603732 3.0384919 3.2290542 
YCyR2hit__Pseudanabaena_sp_FACHB_2040__UniRef90_A0A926ZYX4                 1.9722415 0.0000000 0.7415505 0.6316150 2.5672214 2.4163115 1.0867302 0.6640616 1.0116979 0.7764622 2.6240293 0.6288565 1.0485150 0.6909143 2.4928287 2.6904751 2.5920713 2.6052865 2.6322010 2.7155748 2.6629857 3.0853598 2.6940508 2.8979430 2.7996591 2.5952096 2.3070287 2.4815175 2.4302633 1.9304690 2.0204397 2.1351200 2.1515013 1.9813272 2.2403501 2.1667118 2.2705689 2.1114320 2.4242867 2.4916624 2.2936842 2.2525525 2.3058800 3.9703724 4.4838670 4.3195979 4.1296618 4.3740001 4.6927152 4.5526407 4.6449747 5.0147818 4.8635742 5.1201813 4.2620341 4.8610103 4.4212221 4.7623664 4.3676193 4.7096825 4.7562287 4.5300156 4.9056771 4.6812389 4.4780865 4.2093656 4.8255627 5.0933788 4.1977966 3.9470045 4.6970040 4.8129825 4.1893318 4.8520817 4.4054819 4.8296070 4.8276025 4.7921741 4.5838200 4.6000604 4.6222228 4.8686647 4.7131882 4.8343080 4.8415261 5.4307900 5.0602045 5.0661255 2.6570605 1.0797733 2.7802357 2.8657703 2.6834913 2.9190334 2.6107887 2.5563416 1.9722415 2.3695921 4.9971839 2.5617069 0.8633468 4.6744777 0.8579660 2.8059741 1.0217324 0.8581645 2.1314309 2.1134091 2.1397922 2.1300645 2.1433273 2.1446695 2.1635156 4.9188602 1.1212480 2.8339549 4.7694268 2.2582750 2.2978203 2.3928554 2.8015273 0.7709601 0.7239939 1.0465023 2.7572849 2.5364818 1.0095834 2.6633238 1.0090664 2.6633238 2.4437361 4.7155639 2.7340228 2.7986636 4.7865227 2.6186078 4.7907523 2.6491325 2.6797172 0.7990630 2.5457095 2.6238776 0.7430173 0.6246204 2.3226001 0.5960991 0.5914719 0.5971314 0.6087448 3.1668461 2.6487384 2.7369878 0.6387935 0.6872199 2.0058849 0.6878364 1.9304690 2.7292390 2.8015336 2.8268037 
YCyR2hit__Leptolyngbya_sp_FACHB_261__UniRef90_A0A926UF78                   2.0473320 0.7415505 0.0000000 0.4601256 2.3483544 2.2307441 0.8137897 0.5279917 0.8700310 0.6129562 2.2691766 0.5539190 0.9634644 0.4982584 2.2968677 2.3602929 2.2582566 2.3864707 2.3668822 2.4140502 2.4011673 2.6866291 2.4585778 2.5698254 2.6073921 2.2095589 2.4204559 2.1739339 2.1046016 1.6274540 1.6670316 1.7797581 1.7940671 2.0157961 2.0334803 1.9571192 2.1034634 1.8260494 2.0116421 2.2099830 1.9797995 2.0113493 1.8390940 4.4449906 4.5192154 4.3807582 4.4002906 4.4118092 4.5897508 4.4394634 4.3384791 4.5310772 4.0511977 4.0770599 3.9914414 4.4814095 4.2755181 4.2694193 4.4579618 4.3977370 4.5187739 4.2977484 4.8442181 4.6174477 4.5740364 4.3391210 4.7490069 4.9607087 4.5569489 4.3865453 5.0031075 4.7462500 4.6410004 4.8168477 4.4909158 4.3642275 4.3425760 4.4201127 4.1799525 4.1699672 4.3701652 4.5380201 4.3751400 4.6504860 4.5947104 4.7932722 4.7507463 4.5532965 2.2961161 1.0319428 2.5559365 2.4893379 2.3795669 2.6192213 2.4191815 2.4618216 2.0473320 2.3328661 5.0680232 2.3554780 0.7373529 4.5795552 0.7365112 2.4790980 0.9682827 0.7197245 1.8439866 1.8284733 1.7973592 1.8139819 1.8001642 1.8014692 1.7895155 5.0106127 0.9652482 2.5458207 4.4614155 2.1211365 2.0073807 2.4048550 2.5697519 0.6291456 0.5794510 0.8349452 2.5513516 2.5990680 0.8098360 2.5605986 0.7985089 2.5605986 2.5136325 5.1820005 2.6425694 2.5652642 5.3174622 2.6281729 5.2742769 2.5992069 2.5481661 0.6205360 2.2294093 2.2867091 0.6595140 0.4810890 2.0366146 0.4946948 0.4722882 0.5119390 0.5047002 2.4684023 2.4194564 2.4649368 0.5096894 0.5529424 1.6419649 0.5027144 1.6274540 2.3148002 2.3476285 2.3786882 
YCyR2hit__Hassalia_byssoidea_VB512170__UniRef90_A0A846HFU5                 2.1518634 0.6316150 0.4601256 0.0000000 2.4521946 2.3636850 0.7515280 0.4589448 0.7783513 0.5362325 2.5489846 0.5225267 0.9173049 0.3173176 2.4147123 2.5000612 2.4441588 2.6046959 2.6074236 2.5907084 2.7367790 2.8417158 2.5592478 2.6720657 2.6817388 2.5129388 2.5607586 2.4452865 2.4140243 1.8141185 1.8347423 1.9840856 2.0250380 1.9950159 2.1819694 2.0358861 2.1398493 2.0466261 2.0822792 2.2943055 2.0962984 2.0381332 2.0343323 4.3399695 4.4529198 4.3931402 4.6716336 4.5641660 4.6649570 4.7692191 4.6673285 4.5130351 4.2024514 4.6139676 4.2434862 4.5094724 4.2853615 4.3338923 4.4518850 4.4209444 4.6447884 4.5004995 4.5057901 4.9432532 4.7851824 4.4564684 4.8525666 4.9315576 4.3324533 4.3087196 4.6344496 5.0089787 4.5953703 4.9728035 4.6891165 4.6000764 4.7296813 4.6551923 4.4365906 4.3698584 4.4371954 4.6376661 4.6481126 4.6542485 4.6783555 5.2477447 4.9562985 4.8053154 2.4983397 0.9681755 2.5622435 2.4949852 2.6724276 2.7417694 2.7604932 2.5460260 2.1518634 2.3791138 5.1549343 2.5600780 0.6519375 4.7522791 0.6768205 2.4162081 0.8702183 0.5365510 2.0661956 2.0522087 2.0406425 2.0335770 2.0604873 2.0452945 2.0322493 4.9864237 0.9957317 2.6312556 4.6886804 2.3218287 2.1774660 2.3633141 2.5848198 0.4850428 0.4561693 0.6497377 2.4287539 2.7007908 0.6200892 2.3935786 0.6107736 2.3935786 2.6072087 4.7016929 2.6165639 2.5424844 4.7655949 2.4266417 4.7261908 2.4296976 2.5018508 0.4464218 2.2594168 2.3822479 0.4611126 0.2691009 2.4171163 0.2575568 0.2774732 0.3072515 0.2944794 2.7864449 2.4069780 2.3683427 0.3037951 0.3354766 1.8516880 0.3199493 1.8141185 2.5088646 2.4479414 2.4940666 
YCyR2hit__Halorientalis__UniRef90_A0A1G7PUC9                               2.1148479 2.5672214 2.3483544 2.4521946 0.0000000 1.0408105 2.0939731 2.2729275 2.1437755 2.2967766 0.2290802 2.2970882 2.4141018 2.4505967 1.1298006 1.0697927 1.0627086 1.0666272 1.0824363 1.0331178 0.9383540 1.2751575 1.2777484 0.7995889 1.1677027 1.0419021 0.9546368 1.0848331 0.9888114 2.0651389 2.0238839 2.1373370 2.1554956 1.8605920 2.2062319 1.9128675 2.2380537 2.0194857 0.5628569 0.6234623 0.6799089 0.6315117 0.6456520 4.0962417 4.7665286 4.6343356 4.5057768 4.8208428 4.7630415 4.7648810 3.9601506 4.5744409 4.4548421 4.6469194 3.8634496 4.8841281 4.1344392 4.0211884 4.6008417 5.6799744 5.3430671 5.0156558 4.2461842 4.3922967 4.3762350 5.0095530 4.6999911 4.3555872 4.3223414 4.5643134 4.3191134 4.6534109 4.2194586 5.8714154 5.4590681 5.3899962 5.3651734 5.5998317 5.6095668 5.1878840 5.6806499 5.3952016 5.3226179 5.1933690 5.3178559 5.7934357 5.9046883 5.2149780 1.0865129 2.6903408 2.8371285 2.8426398 2.8766632 3.2209030 2.6599494 2.6225681 2.1148479 2.6124490 5.7158254 2.6488786 2.3688320 4.6795218 2.3100711 3.0003609 2.4575373 2.2206194 2.0382900 2.0072930 2.0078315 2.0149925 1.9958657 2.0122765 2.0078029 5.6952265 2.6248450 2.8336187 5.4018071 2.3653796 2.3093369 2.5570824 2.8841005 2.2596916 2.2443627 2.7634930 2.8537905 2.4499956 2.8109953 2.7706943 2.8270947 2.7706943 2.4774528 5.7147048 3.0996734 3.0385752 5.8686670 2.9714399 5.8135341 2.9616548 3.0304549 2.5240571 2.7192504 2.7549931 2.4737131 2.3867422 2.3009842 2.3804618 2.2826974 2.2991231 2.2954753 3.0209380 2.7992562 2.8141059 2.5711575 2.4923045 2.0948319 2.4743312 2.0651389 2.6657266 2.9058403 2.9232133 
YCyR2hit__UnknownTaxon__UniRef90_P29563                                    2.1215633 2.4163115 2.2307441 2.3636850 1.0408105 0.0000000 2.4486083 2.2128402 2.6356853 2.5731343 0.9056886 2.3708011 2.7504571 2.4570403 0.2387853 0.9820591 0.9745546 0.9539547 0.9161145 0.8665603 0.9308944 1.0759006 1.1902302 0.8094368 0.7857427 0.2777550 0.7553174 0.1945046 0.1658294 1.9929846 2.0988885 2.0982230 2.2366361 2.2520236 2.5027563 2.2404510 2.3136621 2.3579616 1.0566797 1.1954492 1.1071429 1.0185656 1.1918421 4.1005917 4.5147411 4.6770792 4.0832026 4.5580660 4.3825195 4.2956103 3.8342409 4.5396402 4.4221118 4.5134529 4.1296860 4.2967630 4.0417635 4.0231322 4.1542400 4.8303074 4.7327368 4.5831041 4.4220064 4.5940177 3.9450809 4.3541041 4.6257699 4.6288143 4.2433202 3.7441640 4.2838922 4.7582688 4.3259446 4.7330172 4.5298930 4.4105758 4.3363014 4.7540131 4.7309108 4.1898326 4.6862058 4.2243206 4.6633894 4.6614178 4.4668306 4.3093679 4.4513932 4.4420885 0.9772918 3.0145479 2.7854551 2.8229372 2.7838101 3.0865137 2.6305410 2.7457594 2.1215633 2.6755653 5.4190829 2.6235574 2.6428276 4.4106526 2.5344455 2.8300706 2.7169605 2.1771877 2.3795291 2.3604189 2.3895340 2.3536510 2.3628942 2.3949406 2.3905260 5.9953857 2.5244233 2.6951510 5.2743236 2.5561663 2.5215970 2.8649352 2.6777721 2.2685650 2.3292267 2.7405546 2.8087404 2.4545960 2.7680225 2.7117168 2.7840014 2.7117168 2.4658529 5.7159624 2.8018411 2.9395251 5.8229816 2.9326714 5.5892870 2.8579753 2.8841609 2.4017654 2.7272024 2.6505940 2.3677443 2.3602960 2.3279789 2.3459298 2.2805452 2.2896707 2.2873366 2.8654026 2.8249607 2.9366327 2.4615365 2.4681509 2.0125694 2.4098627 1.9929846 2.6638041 2.9058487 2.9561964 
YCyR2hit__Leptolyngbya_ohadii__UniRef90_UPI000B5A185C                      2.2241463 1.0867302 0.8137897 0.7515280 2.0939731 2.4486083 0.0000000 0.7615854 0.1251002 0.8370808 2.0887685 0.8274310 0.8172811 0.8722111 2.5247025 2.6814036 2.6556797 2.6522807 2.5997161 2.6618417 2.5640499 3.0918446 2.5100364 2.7523659 2.8795866 2.5479776 2.4734085 2.5959962 2.5024195 2.0337263 1.9699247 2.1646830 2.1029979 1.9740402 2.4445807 2.1464684 2.2943103 2.0791654 2.1226850 2.3238516 2.1859756 2.0299937 2.1301526 4.0789812 4.2730890 4.4105180 4.0707404 4.1419489 4.2459293 4.4756989 4.1695405 4.1956273 3.8555909 4.0801429 3.7918152 3.9824566 3.9197656 3.8940590 4.3190929 4.2890079 4.3277810 4.2810227 4.3463271 4.3203400 4.1549148 4.2801557 4.3285856 4.6888123 4.3009492 4.5670235 4.7027535 4.4366631 4.3524397 4.8176536 4.4602753 4.5570988 4.5211147 4.3069867 4.0088369 4.0865127 4.1870645 4.4347633 4.4710798 4.3367329 4.4591033 4.8694383 4.8029826 4.3578253 2.6340012 0.9500511 3.0301189 3.1244161 2.9583498 2.8158936 3.0798269 2.6864445 2.2241463 2.6865248 5.0664349 2.7701292 0.7172419 4.2024225 0.8044708 2.9585440 0.8349574 0.8532547 2.0843569 2.0660456 2.0463769 2.0742022 2.0928077 2.0511132 2.0462364 5.4207115 1.2215422 2.9134536 4.3520596 2.3343984 2.3056748 2.4496550 3.0784983 0.8104420 0.7929921 1.1132877 2.8494615 3.1200330 1.1186066 2.8011285 1.1044627 2.8011285 2.9674660 5.3062871 3.0785716 3.0678782 5.3503310 2.9343781 5.3091980 2.9412199 2.9946575 0.9358651 2.6166391 2.7225582 0.9817522 0.8972717 2.5284746 0.7921753 0.8660551 0.8708480 0.8431890 3.1993896 2.8587252 2.8470637 0.7889177 0.8254393 2.0935194 0.8605322 2.0337263 2.8405831 2.7649648 2.8196835 
YCyR2hit__Aliterella_atlantica_CENA595__UniRef90_A0A0D8ZW42                2.0905988 0.6640616 0.5279917 0.4589448 2.2729275 2.2128402 0.7615854 0.0000000 0.7890388 0.5593524 2.1036408 0.5381423 1.0058290 0.4600238 2.1188339 2.3466260 2.3110855 2.4480769 2.3798418 2.3333942 2.4341961 2.5066323 2.1038155 2.4154847 2.6892919 2.2339222 2.1416171 2.1034740 2.0688481 1.8221488 1.9379200 1.9414212 1.9787759 1.8779460 2.1775388 1.9377722 2.0882234 2.0232184 2.1857460 2.3612505 2.2274907 2.0993306 2.1296016 4.0372991 4.0779917 3.9864576 3.8937444 4.0478742 4.1149836 3.8029098 4.1419573 4.2296712 3.6797340 4.1113912 3.5266786 4.1244320 3.6394369 3.8195877 4.1584630 4.2494872 4.1220250 3.9880272 4.3258597 4.2780013 3.8044524 3.7969198 4.3028486 4.3448182 3.8982131 3.4538716 4.0213901 4.3128243 3.8787127 4.2095650 3.8305460 4.0957200 4.1294401 3.9201568 4.0900615 3.9822543 4.0835481 3.9546090 3.9652337 4.0077206 3.9279490 4.4866358 4.1398460 4.1441129 2.3172288 1.1105660 2.7695374 2.7706589 2.6959783 2.7493506 2.6823379 2.5336089 2.0905988 2.5428098 4.6105921 2.4630246 0.6862982 4.0823153 0.7368136 2.6338337 0.9883410 0.5876530 2.0427023 2.0252102 2.0151495 2.0415185 2.0184365 2.0197640 2.0380477 4.7097928 0.9854415 2.6073727 4.1686598 2.4480379 2.2891822 2.4275865 2.5924521 0.1651046 0.1592839 0.7484025 2.5739853 2.6392804 0.7066134 2.6051515 0.6964179 2.6051515 2.5191529 4.6340183 2.7839220 2.7528431 4.6969402 2.6543298 4.6580551 2.5963770 2.6565872 0.5920492 2.3469542 2.4532410 0.6014288 0.4698460 2.3959562 0.4325539 0.4311277 0.4464064 0.4497599 2.6481050 2.5482636 2.5154856 0.4724372 0.5008645 1.8942697 0.4639815 1.8221488 2.6327934 2.5726368 2.6075632 
YCyR2hit__Cyanobacteriota__UniRef90_A0A926PVG5                             2.1625973 1.0116979 0.8700310 0.7783513 2.1437755 2.6356853 0.1251002 0.7890388 0.0000000 0.8663605 2.2375392 0.7899560 0.7493913 0.8836531 2.5660413 2.6477060 2.6513884 2.5449719 2.5965070 2.6024817 2.6896231 3.1687598 2.5963311 2.8231690 2.8633952 2.5314485 2.5008814 2.6258089 2.5698566 2.0732107 2.0196329 2.2452138 2.0304858 2.0530307 2.6060030 2.2002337 2.2159082 2.0379855 2.1959005 2.3902598 2.2563319 2.1025638 2.2149431 4.4230831 4.3034673 4.4461393 4.2617324 4.2975397 4.2873450 4.4752670 4.1419669 4.5056402 4.0053652 4.1836839 3.8993284 4.0183207 4.0645810 3.9796529 4.5070780 4.3614241 4.3322065 4.4136287 4.8067737 4.4533242 4.4059227 4.6867723 4.7502148 4.9099654 4.4586766 4.4543982 4.7630080 4.5093732 4.5341147 4.9708348 4.7460500 4.8502380 4.8902906 4.6561588 4.3806471 4.4674562 4.5972667 4.7450640 4.6749147 4.6990512 4.9512214 5.4889564 5.2840777 4.7084571 2.6009596 0.9450823 2.9782812 3.0708003 2.9520990 2.7209894 3.0257143 2.6683121 2.1625973 2.6526614 5.3026506 2.7494282 0.6813545 4.2432678 0.7104641 2.9656017 0.7922229 0.8555223 2.0430384 2.0379768 2.0059767 2.0359776 2.0418889 1.9903815 1.9884536 5.4796861 1.1620707 2.9291584 4.7284162 2.3165373 2.3589104 2.3523251 3.0613434 0.8960403 0.8303653 1.1198839 2.8360252 3.0442392 1.1386067 2.7826702 1.1242921 2.7826702 2.9014437 5.4059818 2.9797197 3.0500876 5.4508736 2.8590878 5.4580021 2.9217151 2.9732160 1.0230742 2.5794019 2.6827059 1.0148976 0.9550443 2.5385123 0.8441823 0.9216756 0.8823976 0.8540602 3.1220639 2.8526280 2.8356387 0.8290255 0.8426264 2.1370486 0.8718592 2.0732107 2.7693732 2.7540391 2.8470526 
YCyR2hit__Microcoleus_sp_FACHB_1515__UniRef90_A0A926U182                   2.1550106 0.7764622 0.6129562 0.5362325 2.2967766 2.5731343 0.8370808 0.5593524 0.8663605 0.0000000 2.3233057 0.5362161 1.0074313 0.5066009 2.6281315 2.6801542 2.6434940 2.6577602 2.7149076 2.6615365 2.8115415 2.9495069 2.6951968 2.4890855 2.9138116 2.5577954 2.4518905 2.6519193 2.5732412 1.8413328 1.8768442 1.9100788 1.8465765 1.7119990 2.1977006 2.1125477 2.1249435 2.0152373 2.0447836 2.2556130 2.1322578 2.0049828 2.0780447 3.7686463 4.0307792 3.7949280 3.9363509 3.7496500 3.9390792 4.1661112 4.1170913 3.9990909 3.7178590 4.0076043 3.6537500 3.9795561 3.9822409 3.7934937 4.0911500 3.7808076 3.8591226 3.9063303 4.5060783 4.6107147 4.4647250 4.3062789 4.6347313 4.7552318 4.3684947 4.1060724 4.1523411 4.4497209 4.4191821 5.0428796 4.6604595 4.8712802 4.8071710 4.9168655 4.5690345 4.5208981 4.6152770 4.7080713 4.8138611 5.1907733 4.8017058 5.1387427 4.9391378 4.9852979 2.6465341 0.9007400 2.5995710 2.6323625 2.6542766 2.6391606 2.6888948 2.6532877 2.1550106 2.5275172 5.2104203 2.6997480 0.7198809 3.9242562 0.7840833 2.5245089 0.9425819 0.5928163 2.0347629 2.0152549 2.0116313 2.0335898 2.0149283 2.0162623 2.0346249 4.6939696 1.1710211 2.5894562 4.4840485 2.2820489 2.1345712 2.3836893 2.6770478 0.5864637 0.5681298 0.8828521 2.4448188 2.7027198 0.8750771 2.4422657 0.8630580 2.4422657 2.5511361 4.7305872 2.6789997 2.6341279 4.8517280 2.4793789 4.8118507 2.5851825 2.6849637 0.6120327 2.2752468 2.3347404 0.6615298 0.5031758 2.6668010 0.4996260 0.5271346 0.5336462 0.5453291 2.6228618 2.4744514 2.3589173 0.5311646 0.5379452 1.9033962 0.5109552 1.8413328 2.5113483 2.4369600 2.4757780 
YCyR2hit__Halorientalis_marina__UniRef90_UPI001FF6C9D7                     2.1429296 2.6240293 2.2691766 2.5489846 0.2290802 0.9056886 2.0887685 2.1036408 2.2375392 2.3233057 0.0000000 2.4207431 2.3828954 2.4750811 0.9813088 1.0479729 1.0566340 1.0247395 1.0085035 1.0466966 0.9002797 1.1475912 1.1815104 0.8218216 1.0563374 0.9541518 0.8807358 0.9979128 0.9238089 1.8764612 1.9138207 2.0297036 2.1947828 1.7982759 2.1513857 1.8566984 2.2463205 2.0265983 0.6817481 0.6890325 0.7166083 0.6709907 0.7362432 4.0718233 4.5294983 4.2592704 4.2637484 4.3940571 4.5449382 4.4945024 3.8721024 4.4737218 4.1711169 4.2906355 3.8669967 4.7248845 3.9603190 4.0882207 4.3170875 5.1694795 5.0659800 4.6696803 4.1598066 4.4847599 4.0909787 4.5431748 4.4549898 4.4727929 4.1506237 3.8481591 4.0598161 4.8038998 4.0874014 5.7245618 5.4886793 5.4507572 5.2116268 5.3095440 5.5783129 4.8764200 5.4609329 5.1881302 5.3515073 5.4162669 5.3547384 5.4777304 5.5967513 4.9600044 1.0580774 2.6637589 3.0824301 3.1127039 3.0237801 3.3099943 2.8107129 2.7682678 2.1429296 2.8780212 5.5126047 2.7694106 2.1211197 4.4119390 2.1367427 3.1583520 2.4249325 2.1601184 2.0456474 2.0142398 2.0533086 2.0220384 2.0409432 2.0579096 2.0532459 5.1109923 2.5948980 3.0758167 4.7205040 2.1607392 2.1215429 2.4981400 3.0464416 2.1456236 2.1948112 2.6649923 2.9718489 2.5983011 2.7207871 2.8356437 2.7365238 2.8356437 2.6272866 5.4277995 3.1134292 3.1446170 5.5787586 3.2770456 5.5352848 3.1593846 3.2698009 2.4046715 2.9216405 2.8876492 2.3237759 2.2373732 2.3937871 2.3261319 2.2184707 2.2500499 2.2455806 3.3356589 2.9554335 3.0259656 2.5434278 2.4645966 1.9046228 2.4993414 1.8764612 2.7852584 2.9577731 3.0360660 
YCyR2hit__unclassified_Leptolyngbya__UniRef90_UPI0016884D19                2.2228096 0.6288565 0.5539190 0.5225267 2.2970882 2.3708011 0.8274310 0.5381423 0.7899560 0.5362161 2.4207431 0.0000000 0.9550132 0.5195363 2.3040069 2.4338324 2.2820952 2.5394203 2.5533353 2.4784460 2.6516763 2.9743487 2.4662515 2.6151490 2.7343118 2.3390393 2.4467144 2.3547290 2.2556975 1.8117713 1.8675224 1.9836145 1.9179946 1.9118131 2.1797735 2.0455583 2.1182157 2.0706663 2.2153548 2.3057954 2.1190710 1.9973508 2.0646527 4.0790008 4.1865930 3.9873599 4.0149808 3.9987735 4.0903292 4.3084852 4.0218745 4.2739711 3.8568631 4.4143564 3.5174111 4.3071987 3.8865780 3.8731398 4.3054315 4.2580146 4.3359378 3.7140114 4.1940187 4.2056759 3.9402268 4.0664551 4.1100258 4.5281587 4.0588433 3.7223070 4.0789802 4.3533341 4.3234325 4.8637856 4.6433779 4.6008308 4.6639684 4.6841040 4.5165416 4.5533957 4.4926494 4.6899112 4.5448376 4.9242319 4.7350760 5.4792961 4.9862943 4.8927966 2.4202142 0.7927150 2.9603622 2.9891746 2.6214647 2.6690983 2.5023329 2.5606903 2.2228096 2.3921734 4.6501163 2.4941982 0.6441713 4.1378851 0.6553484 2.8334861 0.9375162 0.5477878 2.0904580 2.0726532 2.0480312 2.0891750 2.0827383 2.0527101 2.0711260 4.6558837 1.1064750 2.8936292 4.6027014 2.3598279 2.3387370 2.3817283 2.6264242 0.6357264 0.6000521 0.8813066 2.5145344 2.5093011 0.8426331 2.5186554 0.8311455 2.5186554 2.3714386 4.5770154 2.7419231 2.6736883 4.6179226 2.5983011 4.6214331 2.6149214 2.6110952 0.6381430 2.4131344 2.4836853 0.6280820 0.5442416 2.2425853 0.4808684 0.5087160 0.5241323 0.5390267 2.8532325 2.5152929 2.4690923 0.4757639 0.5109901 1.8392859 0.5239978 1.8117713 2.6075377 2.7155677 2.6700230 
YCyR2hit__Leptolyngbya_sp_NIES_2104__UniRef90_A0A0P4V0S4                   2.2976569 1.0485150 0.9634644 0.9173049 2.4141018 2.7504571 0.8172811 1.0058290 0.7493913 1.0074313 2.3828954 0.9550132 0.0000000 1.0918399 2.6840019 2.8537841 2.7428726 2.7591204 2.9123402 2.7985485 2.8873823 3.3042787 2.9404144 3.3587531 2.9723739 2.7177794 2.7770883 2.7387861 2.6351203 2.0855383 2.2111287 2.3981569 2.3053624 2.4276882 2.6015512 2.4296442 2.6639058 2.4438044 2.2678491 2.3556525 2.3491009 2.0601465 2.2059146 4.5229966 4.4398004 4.5582197 4.4654358 4.4971556 4.3160705 4.9053706 4.3075128 4.4921112 4.3539864 4.5238776 4.3933311 4.3583513 4.5227730 4.3349753 4.7344333 4.7053583 5.0369623 4.7720306 5.0290743 4.8431645 5.0790232 4.2607768 5.0491182 4.9382061 4.8788321 4.3188669 5.0176985 4.8671865 5.0263339 5.6132506 5.0406493 5.0228026 4.9400941 4.8354655 4.7670173 4.4565252 4.7507479 5.1368298 5.1357687 5.1754313 5.1708027 5.6068763 5.4406405 4.9777777 2.7758539 1.0676602 3.2670299 3.4700884 3.3828668 3.3457741 2.9615710 3.0100720 2.2976569 2.9510482 5.1420080 3.0838377 0.7151068 4.3066331 0.7366541 3.5292174 0.1297449 0.8419264 2.4665111 2.4508825 2.4341498 2.4356434 2.4888856 2.4397609 2.4316088 5.0013758 1.2462163 3.0219752 4.9910657 2.5921124 2.6243498 2.6373646 3.1648675 1.0170090 0.9545797 1.1345517 3.0987519 3.3212048 1.1132538 3.1981176 1.1176070 3.1981176 3.3864677 5.1580997 3.4482975 3.2771301 5.2692666 3.2007522 5.1705660 3.2019274 3.1715967 1.1084531 2.9782728 2.9956726 1.1070927 1.0688423 2.6855833 1.0075715 1.0130481 1.0267632 1.0105228 3.2653866 3.0554651 3.2006149 0.9935134 1.0482739 2.0986884 1.0643092 2.0855383 3.2305784 3.0803174 3.1426126 
YCyR2hit__unclassified_Nostoc__UniRef90_A0A252DUV9                         2.2717287 0.6909143 0.4982584 0.3173176 2.4505967 2.4570403 0.8722111 0.4600238 0.8836531 0.5066009 2.4750811 0.5195363 1.0918399 0.0000000 2.4556126 2.6143341 2.5058576 2.6541694 2.6541656 2.6877088 2.7245692 2.8941979 2.5300586 2.7479601 2.9338393 2.5139375 2.5089676 2.4991143 2.4593644 1.8617561 1.9088376 1.9033196 1.9657877 1.9734223 2.1471426 2.0058344 2.1621257 2.0525292 2.0918556 2.4048017 2.0839702 2.0585742 2.0562083 4.2511956 4.3254866 4.3183373 4.2932892 4.2276899 4.3339850 4.3715744 4.3109478 4.5401777 4.1719079 4.4982969 4.0584921 4.4122819 3.8835245 4.2476899 4.1908807 3.9847879 3.9933133 4.0661407 3.9113997 4.5915110 4.4825294 3.9137110 4.2725912 4.6148545 4.3734080 3.8391908 4.1486680 4.5519275 4.2620716 5.0688516 4.8570446 4.7544665 4.9335181 4.7727254 4.6994571 4.3620298 4.5782545 4.6274940 4.6566180 4.7164952 4.5177179 5.1052996 4.8899477 4.7900855 2.5439852 1.0135156 2.7115307 2.7746041 2.5665073 2.8817228 2.6520785 2.6673618 2.2717287 2.4853648 4.8220662 2.6178450 0.6982208 4.3246001 0.6745112 2.6452825 0.9585436 0.5663963 2.0722579 2.0550009 2.0507726 2.0710096 2.0541415 2.0554765 2.0739819 5.1507616 1.0462573 2.7836717 4.7284266 2.1957864 2.0571722 2.7155802 2.7614789 0.5058261 0.4918907 0.7110545 2.6697803 2.5596406 0.6787731 2.7158993 0.6687825 2.7158993 2.4852249 5.1477688 2.7562132 2.7066799 5.2155862 2.6069519 5.1741932 2.6734614 2.6793174 0.3492377 2.3262404 2.3940346 0.3685799 0.2147509 2.3859857 0.1713300 0.1797621 0.1766442 0.1839766 3.0161734 2.6216287 2.6059343 0.1909815 0.2041970 1.9166160 0.0086323 1.8617561 2.5401648 2.6244193 2.6363953 
YCyR2hit__Natronomonas_moolapensis__UniRef90_M1Y5I7                        2.2868870 2.4928287 2.2968677 2.4147123 1.1298006 0.2387853 2.5247025 2.1188339 2.5660413 2.6281315 0.9813088 2.3040069 2.6840019 2.4556126 0.0000000 1.0638380 1.1047922 1.0373305 0.9451864 0.9526748 1.0351534 1.0831022 1.2458009 0.9030504 0.8429686 0.2815703 0.7666687 0.2374187 0.3062985 2.1470195 2.2441454 2.2775402 2.4950451 2.3440518 2.8357012 2.2476523 2.5310700 2.5101972 1.2136508 1.2712165 1.2596950 1.1326814 1.2570174 4.3093962 4.7697261 4.7611460 4.3985035 5.0049307 4.7025347 4.6553899 3.8950833 4.6157465 4.4604729 4.5698083 4.2873254 4.5021410 4.2655640 4.0422849 4.2796245 4.9357208 4.8412688 4.3123360 4.6512799 4.7413749 3.7702152 4.5221409 4.7937639 4.7384337 4.2940434 3.7563270 4.1190019 5.0646910 4.4707469 4.8660079 4.4540787 4.4698267 4.5696979 4.6219146 4.8983241 4.2549650 4.7922250 4.5085172 4.8169995 4.8515122 4.6524485 4.6254243 4.6971181 4.5509227 1.0398604 2.9935920 2.9571477 3.0042013 2.7445930 3.2275928 2.6211359 2.6840748 2.2868870 2.7512156 5.3576122 2.6275555 2.5790329 4.4455941 2.4603981 3.1298555 2.7242669 2.1601461 2.5328151 2.5126616 2.5439438 2.5055227 2.5157577 2.5497083 2.5449198 5.8352135 2.4349762 2.5985997 5.7913242 2.4796475 2.4919117 2.9887324 2.7910409 2.1559106 2.1587256 2.7382777 2.8578120 2.5127338 2.7750116 2.7783308 2.7910982 2.7783308 2.5240525 6.0934054 2.9444697 3.0501636 6.1657066 3.1038916 5.9033331 3.0315618 3.0552453 2.3585465 2.7618731 2.7479184 2.3188437 2.4355677 2.5599436 2.2876575 2.3531025 2.3044924 2.2934903 3.0003328 2.8933423 2.9620369 2.4715735 2.4665686 2.1385417 2.3872654 2.1470195 2.7291558 2.8842397 2.9336700 
BRhit__Halobacterium__UniRef90_P02945                                      2.8931545 2.6904751 2.3602929 2.5000612 1.0697927 0.9820591 2.6814036 2.3466260 2.6477060 2.6801542 1.0479729 2.4338324 2.8537841 2.6143341 1.0638380 0.0000000 0.0829025 0.2012239 0.2364723 0.2078082 0.3331714 0.6286394 0.7418675 0.8097368 0.8204665 0.9218408 0.8803141 0.9301283 0.9131012 2.3010243 2.3307733 2.4360072 2.4178094 2.2859136 2.8679609 2.2110259 2.5099295 2.4532531 1.0968549 1.2375945 1.1407659 1.1151265 1.2217623 4.3206522 4.5207074 4.4290446 4.2351664 4.4864841 4.6579200 4.3635473 3.9897790 4.2770736 4.4587688 4.5119163 3.7837292 4.5039531 4.1592916 4.1291450 4.2923616 4.5460515 4.8209986 3.9861493 4.3002783 4.4203945 3.9082365 4.2723213 4.2643582 4.2361851 4.0564458 3.8463295 4.3085051 4.5377365 4.2790579 4.8443726 4.5960024 4.4872305 4.7038906 4.3034724 4.3704059 3.9769790 4.2118917 4.8661271 4.3154243 4.3829943 4.9454726 4.6460216 4.9400488 4.5378865 0.0161923 3.0255289 3.3285188 3.4148144 3.6675484 3.3807220 3.4296738 3.3606300 2.8931545 3.5327139 5.2669385 3.5102010 2.7242379 4.6913346 2.5664033 3.2650686 2.8971256 2.2685243 2.4755444 2.4557222 2.4391873 2.4422099 2.4087827 2.4447054 2.4336975 4.7299545 2.6392137 3.9291532 4.8884728 2.8281711 2.8486514 3.5999788 3.4884712 2.4049099 2.3098732 2.6170141 3.5070335 2.9287689 2.6542631 3.5254261 2.6691551 3.5254261 2.9217773 4.7028978 3.6609855 3.7162754 4.5639049 3.5758202 4.5246006 3.5626030 3.6958757 2.7258450 3.7085235 3.6998909 2.6569842 2.5867542 2.6144196 2.4651947 2.5466199 2.5385686 2.5395235 3.4516415 3.5087051 3.5576622 2.7847479 2.7948198 2.3628010 2.6394041 2.3010243 3.6296037 3.9029271 3.9533226 
BRhit__Halobacterium__UniRef90_UPI001F011AB0                               2.9419809 2.5920713 2.2582566 2.4441588 1.0627086 0.9745546 2.6556797 2.3110855 2.6513884 2.6434940 1.0566340 2.2820952 2.7428726 2.5058576 1.1047922 0.0829025 0.0000000 0.1930503 0.2481219 0.1775088 0.3563786 0.6484019 0.7270806 0.7888172 0.7957600 0.9303025 0.8496026 0.9110322 0.8833575 2.2096575 2.2994372 2.3494464 2.3183709 2.1750426 2.7270668 2.1857583 2.4060266 2.2967106 1.1209775 1.2358935 1.2003006 1.1488648 1.2392316 4.3567328 4.3429810 4.2505738 4.1022996 4.3173319 4.4852180 4.2032874 4.0529157 4.2796694 4.3836479 4.4425587 3.7925523 4.3102373 4.2167908 4.0690429 4.2490637 4.5555889 4.7876338 3.9963053 4.4318628 4.4902489 3.9276523 4.3859164 4.3516607 4.2953696 4.0871590 3.9120956 4.3570919 4.5262693 4.2900375 4.8839996 4.4863137 4.2680178 4.7449757 4.2915043 4.3132852 4.0457854 4.2526002 4.9611039 4.2229226 4.2786301 4.7592150 4.5824408 4.9910141 4.4966287 0.1036805 2.7919155 3.3139772 3.4049655 3.7246013 3.2784711 3.4075997 3.3134548 2.9419809 3.3152624 5.2159446 3.4128400 2.5144611 4.5167374 2.3974383 3.1616718 2.8275342 2.2552413 2.3177870 2.2991567 2.2834877 2.2864248 2.2549511 2.2886202 2.2783673 4.5859644 2.5646505 3.8112718 4.9628688 2.8764200 2.8900846 3.5583325 3.3717884 2.2995568 2.1944482 2.5282771 3.5022416 2.8636296 2.5639397 3.5037377 2.5782417 3.5037377 2.8568959 4.6752928 3.5267936 3.5752854 4.5377350 3.4872374 4.4987148 3.5774471 3.5770982 2.7213886 3.6592932 3.5951275 2.6155756 2.4342415 2.5052503 2.4085236 2.4410071 2.4254383 2.4340212 3.3795060 3.4867568 3.5354477 2.6332679 2.7092801 2.2804997 2.5302924 2.2096575 3.5540743 3.8252061 3.8733524 
BRhit__Haloplanus__UniRef90_A0A6B9F3P5                                     2.7906080 2.6052865 2.3864707 2.6046959 1.0666272 0.9539547 2.6522807 2.4480769 2.5449719 2.6577602 1.0247395 2.5394203 2.7591204 2.6541694 1.0373305 0.2012239 0.1930503 0.0000000 0.1651099 0.1787086 0.2318065 0.6406700 0.7226225 0.7436582 0.8415234 0.9545608 0.9019561 0.9224358 0.9312339 2.2538185 2.3633506 2.4934033 2.4270775 2.2001309 2.7995801 2.2340913 2.5449262 2.3559867 1.0591152 1.1369148 1.1309562 1.1351753 1.1755815 4.4083958 4.2721885 4.3240279 3.9856985 4.4766711 4.3884962 4.1683817 4.0511210 4.0810106 4.2148918 4.2171779 3.9054232 3.9628827 4.3147509 3.8419322 4.4201675 4.6652422 4.7209875 4.1432636 4.6168696 4.5230908 3.7997816 4.4451189 4.5631739 4.5341674 4.2750017 4.0463985 4.1754597 4.5412583 4.0920994 5.0436589 4.6133452 4.5604173 4.8408915 4.6177759 4.5441372 4.3014804 4.6509661 4.8412201 4.3507533 4.5197744 4.9124498 4.6025081 4.9700035 4.6438256 0.2077260 3.0426610 3.2117695 3.2987978 3.6790991 3.3378023 3.3854936 3.2110976 2.7906080 3.3108701 5.2674468 3.2987443 2.6256276 4.3747535 2.5089387 3.1747410 2.8666807 2.3450412 2.3775234 2.3584419 2.3424443 2.3454156 2.3132019 2.3477218 2.3371845 4.6479927 2.6636555 3.7145291 4.7254061 2.9992024 3.0745538 3.3827513 3.4955161 2.4722452 2.3811151 2.6671564 3.4014672 2.9444596 2.7316438 3.3695665 2.7471527 3.3695665 2.9374922 4.6709844 3.6057244 3.6000381 4.7691721 3.5844688 4.7418964 3.5667613 3.6743433 2.8046078 3.5246361 3.4999953 2.7693179 2.6156320 2.7280763 2.5155081 2.6052862 2.5825995 2.6019612 3.1853026 3.4296463 3.4727317 2.9025331 2.9099921 2.3144424 2.6799734 2.2538185 3.5529468 3.7382715 3.8321830 
BRhit__Haloplanus_natans__UniRef90_UPI000A5CE34D                           2.8609410 2.6322010 2.3668822 2.6074236 1.0824363 0.9161145 2.5997161 2.3798418 2.5965070 2.7149076 1.0085035 2.5533353 2.9123402 2.6541656 0.9451864 0.2364723 0.2481219 0.1651099 0.0000000 0.1886580 0.2996770 0.5672119 0.6528524 0.7190862 0.8323934 0.9409173 0.8325508 0.9601411 1.0080817 2.2091718 2.2942864 2.3546362 2.2416495 2.1446272 2.8193233 2.0525023 2.5674970 2.3256376 1.0960027 1.1694058 1.1081856 1.0956562 1.1425443 4.2986983 4.1725389 4.0391255 3.8351643 4.4694450 4.3487855 4.1675886 3.9340512 3.9882242 4.2898771 4.2979227 3.8376137 4.0500451 4.2441725 3.6430227 4.3892230 4.6624902 4.7144655 4.1576898 4.4678580 4.5551524 3.9308361 4.4735539 4.4895695 4.8065696 4.2214668 3.9967372 4.4248367 4.7567710 4.2119580 4.9189644 4.4243751 4.3763248 4.6073642 4.3366429 4.2813416 4.1015532 4.3865652 4.8657054 4.1439136 4.2339878 4.5560620 4.7176638 5.0113266 4.2519822 0.2384348 3.1120842 3.2037902 3.2883935 3.5834751 3.1654372 3.2574582 3.2190554 2.8609410 3.3709840 4.9276036 3.4280908 2.5111072 4.1302515 2.4321823 3.1583931 3.0231417 2.4701950 2.3470214 2.3280977 2.3122073 2.3151727 2.2832170 2.3174304 2.3069991 4.7614294 2.5080375 3.7240609 4.7466861 2.7500532 2.8244366 3.3757113 3.5885187 2.3411535 2.2711913 2.6655053 3.3482398 2.8488711 2.7056126 3.3168672 2.7209953 3.3168672 2.8421625 4.7348735 3.5373630 3.5863714 4.7986335 3.5670832 4.7710262 3.7038189 3.5863055 2.7157265 3.4084322 3.4127163 2.5919159 2.4575964 2.8845117 2.5401833 2.5485956 2.5629357 2.5884184 3.2592556 3.3327692 3.4078556 2.7916265 2.8019329 2.2975787 2.6427192 2.2091718 3.5192684 3.6286790 3.7089304 
BRhit__Halobaculum_rubrum__UniRef90_UPI001CA389E1                          2.8282204 2.7155748 2.4140502 2.5907084 1.0331178 0.8665603 2.6618417 2.3333942 2.6024817 2.6615365 1.0466966 2.4784460 2.7985485 2.6877088 0.9526748 0.2078082 0.1775088 0.1787086 0.1886580 0.0000000 0.2537323 0.5921802 0.6791931 0.6830398 0.7524039 0.8621500 0.7451259 0.8787939 0.8771854 2.2089689 2.3422771 2.4299766 2.3990950 2.1853975 2.8517604 2.1309125 2.4941640 2.3355410 1.0841246 1.2017009 1.1495060 1.1334642 1.1984136 4.1762124 4.0864398 4.1275517 3.8930502 4.1419161 3.9852201 4.1076481 3.9125780 4.2363754 4.1726415 4.1740496 3.6728553 3.9904104 4.0208077 3.7622338 4.1060059 4.3208482 4.3852218 4.0437561 4.1489924 4.6302567 3.6808381 4.1588609 4.1381630 4.4820330 3.9292772 3.7014540 3.9064306 4.7532887 4.0409552 4.5042994 4.1402703 4.0869672 4.1733432 3.9542328 3.9485278 3.7994760 3.9764756 4.7441691 3.9154068 4.0394510 4.3266707 4.5808626 4.8259511 4.1074914 0.2201757 3.0799149 3.2439149 3.3626968 3.6429584 3.2456031 3.1709185 3.0672395 2.8282204 3.2441913 4.6307286 3.3051023 2.5987307 4.0502551 2.4833838 3.1934722 2.9249554 2.4290651 2.3569807 2.3380002 2.3220700 2.3134696 2.2929874 2.3273125 2.3052874 4.7030089 2.6263061 3.6307315 4.4304990 2.9978573 3.0535850 3.2208484 3.2798835 2.2986268 2.2793575 2.7502519 3.3745746 2.9052961 2.7911671 3.3688985 2.8071859 3.3688985 2.8984145 4.4601137 3.5158270 3.4800962 4.5027944 3.4495693 4.4622075 3.3754540 3.5881289 2.7748831 3.4963507 3.4887263 2.7309488 2.5797841 2.5761461 2.5178971 2.5508221 2.5880647 2.5593577 3.2712642 3.3911518 3.5113018 2.8413008 2.8515971 2.2687831 2.6763043 2.2089689 3.4671093 3.7482065 3.8114949 
BRhit__Halohasta_salina__UniRef90_UPI002110EEC8                            2.5762441 2.6629857 2.4011673 2.7367790 0.9383540 0.9308944 2.5640499 2.4341961 2.6896231 2.8115415 0.9002797 2.6516763 2.8873823 2.7245692 1.0351534 0.3331714 0.3563786 0.2318065 0.2996770 0.2537323 0.0000000 0.5838015 0.8392378 0.7136427 0.9399447 0.9614048 0.8889041 0.9935866 0.9735019 2.2515835 2.3568192 2.2717239 2.3560474 2.2970373 2.7905136 2.1111902 2.3199009 2.4722681 0.9721267 1.0414854 1.0978739 1.0308243 1.1863840 3.9782827 4.3611078 4.1867676 3.7541157 4.3007987 4.3762198 4.3082897 4.0377982 4.2212887 4.4856657 4.4584183 3.8389092 4.1770043 4.0925894 4.1178807 4.2056279 4.7842649 4.6730120 4.1267189 4.3100855 4.7150418 3.5717813 4.2958466 4.1473950 4.5260020 4.0251455 3.9252388 4.2451578 4.4507181 4.0312071 5.3751722 4.9805317 4.8826879 5.0464979 4.7190572 4.9427449 4.4352896 4.8185854 5.0553179 4.6392953 4.5208354 4.9128269 4.8410704 5.0400519 4.6912818 0.3472259 3.1254167 3.1967977 3.3018998 3.4623102 3.4442890 2.9691523 3.1453635 2.5762441 3.1460666 4.9443567 3.1019515 2.5484075 4.4234531 2.6000457 3.1735780 3.0117419 2.4433269 2.4948994 2.4747610 2.4579791 2.4610371 2.4270875 2.4635921 2.4523972 4.8762666 2.6166394 3.5721490 4.6104617 2.9787615 2.9837516 3.5033325 3.4719565 2.4148503 2.4416100 2.8236156 3.4732042 2.8987938 2.8936857 3.3802447 2.9105382 3.3802447 2.8913781 4.7021945 3.5677904 3.5739747 4.5505175 3.6430912 4.4547883 3.5076338 3.6662055 2.8041371 3.4466352 3.4443830 2.7522888 2.6021950 2.6406636 2.5827010 2.5597029 2.6222263 2.6404541 3.5179601 3.4455677 3.5719359 2.9006894 3.0694144 2.3241580 2.7510332 2.2515835 3.3944772 3.5187264 3.6018650 
BRhit__Halobacteriales_archaeon_QS_8_69_26__UniRef90_A0A2R6JS63            2.9541928 3.0853598 2.6866291 2.8417158 1.2751575 1.0759006 3.0918446 2.5066323 3.1687598 2.9495069 1.1475912 2.9743487 3.3042787 2.8941979 1.0831022 0.6286394 0.6484019 0.6406700 0.5672119 0.5921802 0.5838015 0.0000000 0.6316828 0.6477106 0.9316974 0.9950052 0.9586969 1.0904321 1.0873970 2.3908902 2.4698085 2.6406360 2.6471975 2.4902318 3.1130303 2.4389019 2.7438399 2.7968917 1.2640737 1.3424555 1.4065880 1.2919158 1.4616374 3.8137311 3.8048910 3.8359317 3.8665668 3.9479346 3.9528602 3.7147149 3.5712345 4.0893981 3.9832764 4.1767814 3.7036242 4.0576758 3.7187670 3.5463748 3.7306304 4.3618854 4.5252481 3.9746934 3.9209200 4.0769137 3.4533215 4.5924207 3.9699789 4.3060842 3.9462012 3.6653746 3.9860742 4.2326273 4.0685612 4.7525397 4.5576438 4.5072060 4.4902283 4.4708393 4.6284507 4.3091356 4.6118959 4.4123109 4.3392685 4.1715122 4.7209459 4.5566380 4.5652202 4.4293401 0.6383894 3.3472753 3.4100406 3.4189580 4.2705045 3.4230282 4.1577908 4.0705747 2.9541928 3.8722439 4.7046849 4.1040184 3.0700293 3.8996411 2.9914512 3.4456222 3.2785659 2.5744633 2.8220804 2.7994261 2.8358089 2.8318483 2.8039511 2.8424267 2.8778824 5.1115085 2.8057192 4.3670130 4.9166949 3.0360120 3.0770967 3.6229356 3.6650489 2.6071626 2.5988000 3.1032238 3.6359951 3.3918131 3.1169009 3.5348778 3.1354412 3.5348778 3.3880882 5.1375643 3.6972035 3.8940346 5.2159943 3.7374376 5.1086217 3.9006414 3.8226163 2.9425520 4.2434396 4.1952106 2.9255902 2.8374270 3.2695724 2.8355651 2.7718293 2.6903921 2.7002543 3.4932931 3.5807748 3.6126738 3.0230449 2.9442239 2.4114039 2.8892053 2.3908902 4.2022439 4.4445366 4.4861389 
BRhit__Uncultured_archaeon__UniRef90_I1X958                                2.9043773 2.6940508 2.4585778 2.5592478 1.2777484 1.1902302 2.5100364 2.1038155 2.5963311 2.6951968 1.1815104 2.4662515 2.9404144 2.5300586 1.2458009 0.7418675 0.7270806 0.7226225 0.6528524 0.6791931 0.8392378 0.6316828 0.0000000 0.7351029 0.8948928 1.0551996 0.9628981 1.1970043 1.1563747 2.3550799 2.3977467 2.5263561 2.6137371 2.4674432 2.7901463 2.3074313 2.7389413 2.4669476 1.2542450 1.3430322 1.3912913 1.3765999 1.4060052 4.2561185 4.4229213 4.4254989 4.1251995 4.8369103 4.4246545 4.0887710 3.7437622 4.3297207 4.1106639 4.1634948 3.6613289 4.4330178 3.7722097 3.7997003 4.2570960 4.2867522 4.4223259 4.2133830 5.0114540 4.8383429 4.1089961 4.7333060 4.8068675 4.9063628 4.1654085 3.7437162 4.4493938 4.7182679 4.3024385 4.8656818 4.7372098 4.5899592 4.8397032 4.6148428 4.8256800 4.4897263 4.6998415 4.9567426 4.9675861 4.7293622 5.3082475 4.9742045 5.0012355 5.0175257 0.7408592 3.0474276 3.3575245 3.3998242 3.5251773 3.2473643 3.2562867 3.3760144 2.9043773 3.4733119 5.2662060 3.5126853 2.6625749 4.4255069 2.6941078 3.3638519 2.9496423 2.2415525 2.4897169 2.4694595 2.4289977 2.4570126 2.4668717 2.4345811 2.4247818 5.0071041 2.4925213 3.6690943 5.0241064 2.8784495 2.8443752 3.3228901 3.3097409 2.2615139 2.2154616 2.7999096 3.3598033 2.8488258 2.8325905 3.3431770 2.8492400 3.3431770 2.8588796 5.1791682 3.3939573 3.4686740 5.1626498 3.5363065 5.1525387 3.4538612 3.4453131 2.5477133 3.3960872 3.3629536 2.5448188 2.6101197 2.8673648 2.5676789 2.4478779 2.4993282 2.4560955 3.2170451 3.3692124 3.3774800 2.6743237 2.7146280 2.3679671 2.5247608 2.3550799 3.4814385 3.6003868 3.6213622 
