160
YCyR2hit__Nodosilinea_nodulosa__UniRef90_A0AAJ6N6B2                        0.0000000 1.9628754 2.0478711 2.1354478 2.3318358 2.4989562 2.2344857 2.1209684 2.1538120 2.1888913 2.2870264 2.2263104 2.3445335 2.2739783 2.4618107 3.0950533 3.1313696 3.0768525 3.1406211 3.0900131 2.9276985 3.2633765 3.0873880 2.9085363 2.9198920 2.5574527 2.6769442 2.4773360 2.5082593 2.4695582 2.4931830 2.3722028 2.4470896 2.3441764 2.5120825 2.4548865 2.4677858 2.0500013 2.4589088 2.4997837 2.4181222 2.4317360 2.3704685 4.4273504 4.7922349 4.6512622 4.7032990 4.3433185 4.4314599 4.8524854 4.8358449 5.3390236 4.7709989 5.0079424 4.3124986 5.4212924 4.7110787 4.8716370 5.2556671 5.7616338 5.6042930 5.8902712 5.7156797 5.2673295 5.1125928 5.6286694 5.8784323 5.0963681 5.3582374 5.3929951 6.3549737 5.1575532 5.6659513 4.9338258 5.0183927 5.3817390 5.3173029 5.4009302 5.9827243 5.3256122 6.0096708 4.6173708 5.0787229 5.6551710 5.0042292 5.3495538 5.0822151 5.2765472 3.1541542 2.4231651 3.1030727 3.2340576 3.2379267 3.3383235 3.0855537 3.0800736 0.0000010 3.0762726 5.2465686 3.1139641 2.3132854 4.4314599 2.3485037 3.3980200 2.4542414 2.5383756 2.0548997 2.0534965 2.0772344 2.0342090 2.1030074 2.0932106 2.0771788 5.9186534 2.2483533 3.2809101 5.5268784 2.4624695 2.4969741 0.8563351 2.8543834 2.2458291 2.2085169 2.2789948 3.0256732 3.4401718 2.3348867 2.9542344 2.3354237 2.9542344 3.4098016 6.9526850 3.4044501 3.1719685 7.0438900 3.1386634 7.0890170 2.9838557 3.1141300 2.2618457 2.7479147 2.9193678 2.2604220 2.2569995 2.9414512 2.2032555 2.1942292 2.2731014 2.2453972 3.4767513 2.9256791 2.8929680 2.3320111 2.3572235 2.5085108 2.2475064 2.4695582 3.1279490 3.0776531 3.2710126 
YCyR2hit__Pseudanabaena_sp_FACHB_2040__UniRef90_A0A926ZYX4                 1.9628754 0.0000000 0.7403657 0.6309894 2.6116648 2.4795570 1.1249086 0.6769684 1.0202730 0.7991264 2.7489904 0.6245585 1.0826545 0.6804230 2.5289197 2.7052220 2.6175409 2.6597419 2.6787973 2.7436833 2.6997565 3.0847272 2.7793831 2.9542847 2.8128092 2.6276129 2.4267188 2.5132042 2.5085097 1.9614288 2.0652343 2.1175246 2.1355920 2.0739159 2.2810797 2.2060810 2.2900768 2.1067223 2.4187201 2.5101822 2.3485276 2.2470703 2.3632670 4.1354407 4.2266327 4.1362055 4.1967488 4.0796505 4.4420891 4.4905505 4.4400299 4.9124748 4.6949270 4.8529301 4.2567429 4.7737764 4.3624349 4.6563100 4.5449457 4.6031550 4.8155804 4.6117927 4.9787963 5.0533139 4.8184572 4.3562231 4.9087059 5.2513617 4.3563672 3.8875774 4.8580540 5.0126163 4.5371953 4.4698301 4.3176518 4.4980035 4.7943006 4.5651987 4.5636228 4.4678941 4.5796248 4.6315262 4.4769796 4.5392016 4.4798720 5.0215702 4.7900060 4.5968373 2.6901233 1.1148448 2.9681886 3.0578348 2.7372707 3.0568090 2.6564205 2.6146593 1.9628754 2.4444688 4.7327879 2.6271666 0.8806191 4.4420891 0.8750924 2.9570211 1.0724122 0.8564232 2.1268198 2.1087194 2.1349294 2.1254950 2.1382971 2.1397930 2.1587770 5.0718494 1.0997954 2.8450881 5.0171244 2.1943106 2.2532405 2.3838978 2.8146279 0.8060342 0.7609516 1.0449584 2.8125330 2.5408498 1.0082059 2.7160250 1.0077030 2.7160250 2.4483655 4.9836240 2.7334605 2.8034119 5.0542064 2.6209008 5.0681966 2.6443961 2.6754476 0.7978741 2.6128473 2.6972526 0.7416563 0.6205182 2.3393281 0.5978364 0.5932377 0.5835774 0.6080111 3.3401178 2.7081442 2.8189182 0.6366180 0.6881556 2.0382557 0.6772473 1.9614288 2.6741427 2.7814165 2.7479483 
YCyR2hit__Leptolyngbya_sp_FACHB_261__UniRef90_A0A926UF78                   2.0478711 0.7403657 0.0000000 0.4596497 2.3313851 2.2969012 0.7996482 0.5425685 0.8557941 0.6232594 2.2181879 0.5532306 0.9962242 0.4977976 2.3138604 2.3439038 2.2526737 2.4037934 2.3819742 2.4068532 2.4180704 2.6883135 2.4677003 2.5413917 2.6139414 2.2291026 2.4990616 2.1913364 2.2045653 1.6408953 1.6796356 1.7630612 1.8075619 2.0194737 2.1083552 1.9407768 2.1192308 1.8221763 2.0214675 2.2137496 2.0601012 2.0396857 1.9096303 4.3438294 4.4164660 4.2220997 4.3392684 4.1763461 4.4310538 4.2867744 4.1980497 4.3272876 3.9467958 3.9552945 3.9953763 4.3635593 4.2022678 4.1809831 4.5411644 4.5137651 4.5596567 4.4231991 4.9129827 4.6895436 4.7815983 4.5227694 5.0899869 4.8531404 4.5205976 4.2298702 4.8961901 4.6850748 4.6918724 4.5900611 4.4458215 4.4111640 4.4533313 4.4311606 4.2798157 4.2245943 4.5510719 4.3408807 4.3544256 4.6357987 4.5090662 4.5011068 4.5276002 4.4848853 2.3307707 1.0303364 2.6994390 2.6288189 2.4814044 2.7290825 2.5090320 2.5448158 2.0478711 2.4236013 4.8810988 2.4653876 0.7364084 4.4310538 0.7355959 2.6198062 1.0147434 0.7301609 1.8402261 1.8245945 1.7933439 1.8098813 1.7959752 1.7974422 1.7852614 5.1177709 0.9628726 2.6380193 4.4963189 2.0953179 1.9767048 2.4025159 2.6357942 0.6317728 0.5824175 0.8342921 2.6397051 2.6172327 0.8091470 2.6491879 0.7977652 2.6491879 2.5308453 5.2603051 2.7050132 2.6324184 5.3918892 2.6919037 5.3527868 2.6624586 2.6111313 0.6198738 2.3789546 2.4287886 0.6587985 0.4806349 2.0738201 0.4941894 0.4718949 0.5114249 0.5041578 2.6522287 2.5048393 2.5647225 0.5091658 0.5522072 1.6560316 0.5021922 1.6408953 2.4139878 2.4079561 2.4326519 
YCyR2hit__Hassalia_byssoidea_VB512170__UniRef90_A0A846HFU5                 2.1354478 0.6309894 0.4596497 0.0000000 2.4362461 2.4770772 0.7601759 0.4483705 0.7702179 0.5428381 2.5745051 0.5220569 0.9358925 0.3171560 2.4026549 2.5405220 2.4944531 2.6580471 2.6265957 2.6056367 2.7373895 2.8629939 2.5949269 2.6451529 2.7350723 2.5376470 2.6272352 2.4571754 2.5704922 1.8588262 1.8956059 1.9802311 2.0452993 2.0898769 2.2312900 2.0857278 2.2109345 2.0419556 2.1001094 2.3045011 2.1875085 2.0989477 2.1206961 4.2855892 4.4465748 4.4605891 4.4225858 4.2555073 4.3851584 4.4115897 4.3252812 4.4574365 4.0025796 4.2852501 3.9752982 4.4090131 4.0487147 3.9154303 4.2900257 4.2647937 4.4748027 4.1672145 4.5769808 5.1220738 4.6886354 4.3007329 4.7433201 4.7016112 4.4339849 4.1239374 4.8063142 5.0978452 4.6762552 4.6792306 4.5797856 4.6459674 4.8251275 4.5931667 4.5121764 4.4000459 4.5021182 4.4981976 4.6424050 4.5632535 4.5580259 4.8591943 4.7689763 4.6400462 2.5264113 0.9937907 2.6693359 2.6172400 2.7577377 2.8598572 2.7836194 2.6840548 2.1354478 2.5188314 4.8815083 2.7492638 0.6511910 4.3851584 0.6759924 2.5682231 0.9029602 0.5388788 2.0616252 2.0473971 2.0359838 2.0286924 2.0554502 2.0406233 2.0273659 5.1057744 0.9937432 2.7520771 4.6161063 2.2907686 2.1319136 2.4278194 2.6512451 0.4928540 0.4626102 0.6489282 2.5177281 2.7248147 0.6193040 2.4808407 0.6099811 2.4808407 2.6304338 4.9999704 2.6996128 2.6313928 5.0625818 2.4979538 5.0254771 2.5000980 2.5751512 0.4460143 2.4591509 2.5943502 0.4607832 0.2779148 2.4922176 0.2641772 0.2842302 0.3070968 0.2943401 2.9531419 2.4973771 2.4687837 0.3137273 0.3416177 1.8972796 0.3197744 1.8588262 2.6708021 2.5264288 2.5748546 
YCyR2hit__Halorientalis__UniRef90_A0A1G7PUC9                               2.3318358 2.6116648 2.3313851 2.4362461 0.0000000 1.1226914 2.1352716 2.1833800 2.1666018 2.3221055 0.2214168 2.3199572 2.3819549 2.4912039 1.1381378 1.1281446 1.1207761 1.1195898 1.1260546 1.1219310 0.9850162 1.3604974 1.3494958 0.8534272 1.2510439 1.0567715 0.9421999 1.1102936 1.0552941 2.0371372 1.9709806 2.1688315 2.1231192 1.9817244 2.3221638 1.9493188 2.2229794 2.0245432 0.5679520 0.6180935 0.6647606 0.6108292 0.6492618 4.0643686 4.5133409 4.5180286 4.3480400 4.5258509 4.6147898 4.4906503 3.8872433 4.3729691 4.2915709 4.2748839 3.6356412 4.3206372 4.0052881 4.1628206 4.2288060 5.1483820 4.7738957 4.6314512 4.3315969 4.3265377 4.5595896 4.8660390 4.4944102 4.1808170 4.3399311 4.2406309 4.2717268 4.7300856 4.4433350 5.4605497 5.2435185 5.2810480 5.3067663 5.4662063 5.5660143 5.4263633 5.5524649 4.8721886 5.2271287 5.3470853 5.2150655 5.4399092 5.3642703 4.9279375 1.1494982 2.7952829 2.9796846 2.9753999 2.9238393 3.3683615 2.7123896 2.6469949 2.2911298 2.6296685 5.8671477 2.7124793 2.3799528 4.6147898 2.3211119 3.1247643 2.4455791 2.2218866 2.0438362 2.0122359 2.0129380 2.0199837 2.0005241 2.0174680 2.0129279 5.7742512 2.7226343 2.8088706 5.5816000 2.3585526 2.3183957 2.7072494 3.0447582 2.2056597 2.1951659 2.8098621 2.9305588 2.6148573 2.8594132 2.8608241 2.8756021 2.8608241 2.6425232 6.1427434 3.2325192 3.1772804 6.2368499 3.0896237 6.2307164 3.0706484 3.1427641 2.5388420 2.7086025 2.7533634 2.4899451 2.3938787 2.3137396 2.3945927 2.2925490 2.3512150 2.3464603 3.0562480 2.8984116 2.8888076 2.5971420 2.5186121 2.0665815 2.5151111 2.0371372 2.6890775 2.8944356 2.9506377 
YCyR2hit__UnknownTaxon__UniRef90_P29563                                    2.4989562 2.4795570 2.2969012 2.4770772 1.1226914 0.0000000 2.5684225 2.3121689 2.7209675 2.7096456 0.9721441 2.3573039 2.8052054 2.5790935 0.2378401 1.0131295 1.0051821 1.0720794 1.0054909 0.9406592 0.9781034 1.0285936 1.1555379 0.8285400 0.8110124 0.2298138 0.8236068 0.2122471 0.1657802 2.0386302 2.1562052 2.2537431 2.2857321 2.3519566 2.7841952 2.4535876 2.4603357 2.3330558 1.0790150 1.1836959 1.1308664 1.0191001 1.1607164 3.9143802 4.3681377 4.2664796 4.0310010 4.2597262 4.3517061 4.2583284 3.6474396 3.9394499 4.0756502 4.1638973 3.6800325 3.9147305 3.6825890 3.7728894 4.0325251 4.2809499 4.1318140 4.2183957 4.3895416 4.2460057 3.9558860 4.0905440 4.5717625 4.3760009 4.1805632 3.7162181 4.0117778 4.5038000 4.3255799 4.3753780 4.3806132 4.2739367 4.3507370 4.3998210 4.7631419 4.4930078 4.7172128 4.0030914 4.6143877 4.5076133 4.2409183 4.1847520 4.2404351 4.4298789 1.0314518 3.2099876 2.9736449 3.0132412 2.8859677 3.1934902 2.6247774 2.8324589 2.3864960 2.7188760 5.6576260 2.6950023 2.7360706 4.3517061 2.6240411 3.0417749 2.7763392 2.2349691 2.3550148 2.3355944 2.3648001 2.3288125 2.3375016 2.3702487 2.3659023 6.0993688 2.6921790 2.7325285 5.9527569 2.5309328 2.5312796 3.1315793 2.7544020 2.3747320 2.4243208 2.9003804 2.8961720 2.5950923 2.9305492 2.8116319 2.9475183 2.8116319 2.6060106 5.8959144 2.8905226 3.0349427 5.9788791 3.0271384 5.9033797 2.9501229 2.9775675 2.4806758 2.7839015 2.7467370 2.4419095 2.5060512 2.3749119 2.4510977 2.3896582 2.3911218 2.4072739 3.0912318 2.9284270 2.9653866 2.5732905 2.5734032 2.0588037 2.5298029 2.0386302 2.7257513 2.9543372 3.0142420 
YCyR2hit__Leptolyngbya_ohadii__UniRef90_UPI000B5A185C                      2.2344857 1.1249086 0.7996482 0.7601759 2.1352716 2.5684225 0.0000000 0.7865122 0.1198868 0.8700242 2.1381192 0.8566981 0.9073175 0.8831119 2.5169713 2.6454701 2.6297797 2.6672834 2.6251318 2.7202896 2.6753593 3.1254851 2.5346408 2.7423617 2.8928388 2.5868962 2.6085230 2.6551746 2.6673736 2.0324338 1.9954987 2.1612705 2.1074461 2.0042826 2.4881083 2.0824457 2.2643825 2.0840873 2.1302590 2.3119325 2.2677783 2.0404335 2.2081462 4.2298365 4.5203068 4.4885004 4.3827004 4.4417587 4.6590879 4.3439272 4.2041953 4.2819125 3.7680743 3.9565413 3.7604223 4.0788012 3.9449999 3.9518000 4.7142508 4.5729545 4.7386779 4.4788239 4.5342757 4.5394119 4.3615836 4.5006907 4.8654733 4.5876580 4.3591408 4.5940690 4.8868378 4.5273669 4.4140920 4.6904664 4.6053054 4.6588163 4.7923441 4.5367462 4.2356784 4.2895545 4.5001108 4.5673716 4.7658141 4.4518706 4.5873770 5.0076517 4.8471409 4.4617326 2.6307250 0.9750738 3.1295467 3.0942748 2.9550321 2.9653704 3.0400765 2.7267455 2.2344857 2.8162079 5.0777175 2.9073363 0.7148894 4.6590879 0.7932646 3.0327920 0.9318369 0.8495924 2.0891670 2.0711395 2.0512376 2.0791862 2.0977400 2.0559538 2.0511367 5.3874179 1.2435489 2.9344360 4.7280133 2.2905361 2.2566004 2.3642293 2.9985210 0.8584983 0.8312649 1.1349755 2.9219872 3.2188179 1.1404464 2.8609949 1.1259704 2.8609949 3.0624803 5.2055364 3.0353845 2.9612991 5.2463885 2.9116343 5.2089426 2.8732227 2.9161333 0.9352127 2.6644998 2.7691816 0.9795294 0.9095020 2.5378578 0.8060534 0.8728426 0.8389244 0.8580356 3.1918257 2.9516498 2.8998109 0.8157604 0.8449463 2.0922979 0.8713059 2.0324338 2.8274195 2.7351572 2.7806822 
YCyR2hit__Aliterella_atlantica_CENA595__UniRef90_A0A0D8ZW42                2.1209684 0.6769684 0.5425685 0.4483705 2.1833800 2.3121689 0.7865122 0.0000000 0.7939828 0.5644714 2.0388612 0.5520468 0.9541587 0.4507251 2.1344427 2.3379518 2.3046110 2.5102279 2.3525438 2.3570603 2.3862668 2.5998587 2.1607168 2.3885441 2.7338307 2.2939103 2.1904854 2.2173455 2.2258066 1.8781692 1.9906676 1.9783975 2.0149155 1.9520150 2.3199474 1.9459916 2.1589503 2.0394577 2.2247259 2.3088359 2.2766576 2.1079660 2.1765037 4.0393043 3.8134459 3.8022430 3.7241016 3.8367995 3.9279563 3.8021711 3.8894696 4.0052288 3.4562689 3.7826408 3.5072316 3.9478423 3.6708208 3.7003902 4.1023991 4.2622690 4.1562396 4.0392031 4.0953061 4.3354246 3.7734516 3.7148369 4.2670184 4.2739764 3.6575017 3.3002474 3.7981786 4.2139742 3.9502825 4.1697436 4.0676377 4.2018000 4.3621503 4.0893912 4.3233555 4.0754588 4.2257685 3.8356967 4.0699077 4.0846730 3.9489516 4.2343014 3.9871724 4.0931477 2.3249784 1.0974615 2.9088529 2.9545093 2.7867225 2.9655437 2.5248288 2.7024769 2.1209684 2.6360519 4.3585079 2.5821187 0.6527123 3.9279563 0.7040570 2.8661877 0.9477119 0.5847826 2.0592356 2.0414690 2.0313583 2.0580476 2.0345211 2.0360166 2.0545874 4.5646414 0.9529515 2.8095666 4.3513920 2.3199022 2.1687909 2.4992491 2.7001871 0.1553273 0.1496199 0.7247833 2.6163817 2.7416610 0.6836583 2.6098129 0.6736486 2.6098129 2.6168400 4.6090081 2.8197556 2.7710110 4.6683762 2.6921653 4.6331001 2.6176710 2.6787256 0.5912374 2.4550903 2.5321218 0.5824670 0.4874453 2.4104250 0.4356122 0.4389258 0.4468595 0.4488691 2.8409212 2.5781527 2.5723155 0.4663690 0.4925508 1.9526754 0.4545304 1.8781692 2.6753317 2.5738212 2.6163894 
YCyR2hit__Cyanobacteriota__UniRef90_A0A926PVG5                             2.1538120 1.0202730 0.8557941 0.7702179 2.1666018 2.7209675 0.1198868 0.7939828 0.0000000 0.8900278 2.2635392 0.8182646 0.8238299 0.8860753 2.5596532 2.6244249 2.6383600 2.5605817 2.6182175 2.6478191 2.7735853 3.1646276 2.6067993 2.7574890 2.8803884 2.5718227 2.6313193 2.6550468 2.6888591 2.0359804 2.0173937 2.1791284 2.0293472 2.0513074 2.5981048 2.1370643 2.1775778 2.0448198 2.2033997 2.3756362 2.3397470 2.1140165 2.2956651 4.4083229 4.4357132 4.4159478 4.4723806 4.4008337 4.5575362 4.3669974 4.0487463 4.3920405 3.9030532 4.0335060 3.7929064 4.0372735 4.0232122 4.0240303 4.6612818 4.4033946 4.5330377 4.4473674 5.0661184 4.6129912 4.5611122 4.8666997 5.0804346 4.7795499 4.5158286 4.4573321 5.0602905 4.5783090 4.6483449 4.7932989 4.8568765 4.9517229 5.0283390 4.7927575 4.4959395 4.5344116 4.7720482 4.6085318 4.7999772 4.6898912 4.9121893 5.2144060 5.0297691 4.6538935 2.6097922 1.0316179 3.0636503 3.0377529 2.9468679 2.7930275 3.0650925 2.6715932 2.1538120 2.7640095 5.3311983 2.8265221 0.6977451 4.5575362 0.7304121 2.9371184 0.8732086 0.8677236 2.0497653 2.0449504 2.0127272 2.0427779 2.0487769 1.9969963 1.9950362 5.6449802 1.1844319 2.9064885 5.0628607 2.2522653 2.2712606 2.1871531 3.0162474 0.9229146 0.8533496 1.1269014 2.8511947 3.0572672 1.1458440 2.7864215 1.1314284 2.7864215 2.9151982 5.4574600 2.9506279 2.9670907 5.4992883 2.8565823 5.5129898 2.8675259 2.9157859 1.0511530 2.6300690 2.7332323 1.0441958 0.9381334 2.5434516 0.8368250 0.9059837 0.8345430 0.8448031 3.0960241 2.8902700 2.8577407 0.8574319 0.8742958 2.0986799 0.8742808 2.0359804 2.7801898 2.7153820 2.7991795 
YCyR2hit__Microcoleus_sp_FACHB_1515__UniRef90_A0A926U182                   2.1888913 0.7991264 0.6232594 0.5428381 2.3221055 2.7096456 0.8700242 0.5644714 0.8900278 0.0000000 2.3814977 0.5578911 1.0478975 0.5292080 2.6326095 2.5857471 2.5312014 2.5849036 2.6043275 2.6307562 2.8106619 3.0714853 2.7869401 2.4806628 2.8647724 2.5259422 2.5131284 2.6768531 2.7487506 1.9122325 1.9789259 1.9569917 1.9170462 1.8273130 2.2775412 2.1196906 2.1882617 1.9832973 2.1126259 2.2111184 2.2578968 2.0537143 2.1749442 3.7342853 3.9121760 3.7978833 3.8543659 3.6471017 3.8573818 4.0070477 3.9511619 3.9157922 3.4445004 3.6986397 3.6599726 3.7766917 3.9451361 3.6043927 3.9907102 3.8564191 3.9420806 3.8935853 4.2977255 4.5566411 4.5858168 4.2868038 4.5514724 4.5987527 4.2970762 3.9436363 4.2765483 4.3556223 4.5981221 4.7765331 4.5550959 4.5971003 4.8653765 4.5816847 4.4890181 4.4352790 4.5849519 4.6279762 4.5862623 4.8979229 4.6136125 4.8245807 4.8215235 4.7128725 2.5711623 0.9395623 2.8689910 2.8798000 2.8546920 2.8466795 2.7748501 2.7691139 2.1888913 2.6806892 5.1545182 2.8944755 0.7147543 3.8573818 0.7740949 2.8217408 0.9982035 0.5978549 2.0025756 1.9834921 1.9799114 2.0015139 1.9829502 1.9844351 2.0026626 4.9707379 1.1361100 2.8261861 4.6563739 2.1888982 2.0480976 2.4491110 2.7649460 0.5978195 0.5794399 0.8788601 2.5837256 2.7775811 0.8708598 2.5766451 0.8588850 2.5766451 2.6229458 5.1590480 2.7558676 2.7280399 5.2867942 2.5432126 5.2485923 2.6705513 2.7749651 0.6278270 2.5011785 2.5703888 0.6781066 0.5336489 2.6836219 0.5201124 0.5345314 0.5416537 0.5492627 2.8874401 2.6119815 2.5109745 0.5566948 0.5617209 1.9765868 0.5337176 1.9122325 2.7206148 2.6036242 2.6665263 
YCyR2hit__Halorientalis_marina__UniRef90_UPI001FF6C9D7                     2.2870264 2.7489904 2.2181879 2.5745051 0.2214168 0.9721441 2.1381192 2.0388612 2.2635392 2.3814977 0.0000000 2.3686193 2.3080749 2.5911857 1.0496315 1.0640056 1.0705154 1.0568173 1.0149771 1.0662790 0.8995661 1.1991151 1.1829541 0.8421649 1.1099469 0.9791814 0.8635408 1.0166162 0.9780624 1.8029473 1.8041215 2.0215482 2.1644045 1.8485444 2.1863553 1.8069005 2.1448729 2.0192833 0.6725835 0.6756654 0.7018097 0.6537550 0.7100153 4.0729916 4.2067880 4.1228715 3.9329255 4.1575854 4.3249820 4.3430100 3.7744618 4.2107687 3.9430378 3.8968933 3.3904281 4.1672279 3.9754278 4.0644195 3.9097665 4.8864228 4.6820618 4.4409358 4.1426220 4.2455701 4.2164786 4.4080860 4.4114792 4.0525410 4.1232496 3.8658031 4.0669087 4.5526639 4.3752777 5.2791499 5.4921773 5.0250996 5.1867636 5.3088103 5.5756817 5.2383310 5.4810452 4.8504338 5.2203809 5.3389842 5.0293408 5.2927357 5.1539977 4.5987305 1.0842110 2.6246834 3.1688942 3.2435743 3.0639531 3.3563703 2.7774603 2.7895191 2.2466939 2.8759392 5.4178895 2.8242624 2.1412653 4.3249820 2.1634961 3.2743870 2.3804156 2.1704160 2.0388247 2.0068266 2.0463959 2.0146720 2.0335860 2.0510793 2.0463617 5.2117460 2.6342200 3.0889303 4.7888750 2.1607766 2.1350977 2.6163442 3.1039804 2.0825887 2.1336271 2.7098022 2.9762187 2.8447324 2.7669205 2.8433610 2.7827214 2.8433610 2.8745361 5.8289949 3.2779544 3.2452001 5.9330863 3.4394229 5.9262458 3.2326198 3.3453268 2.4328245 2.9339224 2.9174573 2.3268178 2.3062861 2.4500689 2.4164793 2.3113787 2.3133511 2.2726676 3.3626270 2.9731429 3.0500786 2.6154026 2.5349002 1.8304326 2.6163438 1.8029473 2.8735431 3.0568449 3.1399526 
YCyR2hit__unclassified_Leptolyngbya__UniRef90_UPI0016884D19                2.2263104 0.6245585 0.5532306 0.5220569 2.3199572 2.3573039 0.8566981 0.5520468 0.8182646 0.5578911 2.3686193 0.0000000 1.0243750 0.5290475 2.3178855 2.4215060 2.2792173 2.5082345 2.5526961 2.4601678 2.6113353 2.9796246 2.4798276 2.6104708 2.7356251 2.3419644 2.5473372 2.3490663 2.2576123 1.8382855 1.8596378 2.0181816 1.9744934 1.9321379 2.2323166 2.0450112 2.1006074 2.0658305 2.2356930 2.3165797 2.2034683 2.0753761 2.1456370 4.0915595 3.9610394 3.9521382 4.0545204 3.8472367 3.9977789 4.3283591 3.8868543 4.0450446 3.6726612 3.9995747 3.4742821 4.2833154 3.8812482 3.8023746 4.3314398 4.1739676 4.3545933 3.7992507 4.1362175 4.4791364 4.3064063 4.2620737 4.3632601 4.6872414 4.2989178 3.7304703 4.2501056 4.4652056 4.4610184 4.6374487 4.6070343 4.6113774 4.7610751 4.7243884 4.6524711 4.6154940 4.5826979 4.5135496 4.5217493 4.8509706 4.5887617 5.0624074 4.7575996 4.7384937 2.4081170 0.8162027 3.0221308 3.0487748 2.6126437 2.8030057 2.4976519 2.5698388 2.2263104 2.4027524 4.5155155 2.5301494 0.6526755 3.9977789 0.6639662 2.8565069 1.0258151 0.5457686 2.0857316 2.0678360 2.0434010 2.0844904 2.0780753 2.0480690 2.0666316 4.7786327 1.1050483 2.8483374 4.6489644 2.2896550 2.2757824 2.3325309 2.6221485 0.6516497 0.6168220 0.8744454 2.5606168 2.5290063 0.8362796 2.5646126 0.8248356 2.5646126 2.3908707 4.7187685 2.7478834 2.6668218 4.7583341 2.5811020 4.7672075 2.6119394 2.6076236 0.6376750 2.4404706 2.5100504 0.6274304 0.5504215 2.3203223 0.4904076 0.5184826 0.5328713 0.5385601 3.0452659 2.5611580 2.5105646 0.4840968 0.5174000 1.8662473 0.5335307 1.8382855 2.5971162 2.6916552 2.6428083 
YCyR2hit__Leptolyngbya_sp_NIES_2104__UniRef90_A0A0P4V0S4                   2.3445335 1.0826545 0.9962242 0.9358925 2.3819549 2.8052054 0.9073175 0.9541587 0.8238299 1.0478975 2.3080749 1.0243750 0.0000000 1.1115409 2.6730256 2.7566849 2.6629557 2.7474925 2.9001340 2.7604934 2.8291171 3.2146893 2.8872731 3.2484063 2.9371390 2.7220130 2.8156903 2.7037350 2.7301801 2.2141827 2.3661867 2.5006658 2.3994598 2.5910793 2.6719639 2.4546684 2.7177630 2.4627372 2.2658753 2.3513125 2.4088838 2.0814799 2.2254760 4.5380975 4.4468839 4.4576536 4.3954319 4.3448845 4.4278303 4.7145180 4.4524013 4.4727500 4.4098714 4.3801305 4.4827427 4.4444906 4.7960739 4.4742251 5.0558631 4.8117804 5.1325840 5.2535032 5.2142546 5.4729756 5.3276352 4.6517717 5.3195775 5.3469175 4.9586766 4.5049035 5.1514581 5.3729884 5.2957493 5.2054271 4.9272971 4.8547098 4.9461668 4.7198613 4.7249886 4.4572833 4.8111151 4.8725087 5.0834636 4.9870689 4.8987328 5.2852467 5.1120368 4.6932237 2.7935091 1.1139865 3.3449001 3.5658902 3.4961475 3.4842429 3.0526722 3.0764104 2.3445335 3.0319502 5.2951817 3.1909408 0.7706205 4.4278303 0.7934446 3.6139755 0.1297124 0.8658837 2.4857335 2.4697608 2.4529966 2.4541373 2.5083195 2.4586233 2.4500352 5.2454208 1.3057625 3.0930511 5.1988928 2.6648601 2.6545455 2.5510659 3.1926753 1.0237808 0.9670440 1.1933374 3.1389017 3.2772834 1.1720336 3.2389778 1.1764889 3.2389778 3.3405799 5.5635731 3.4765479 3.3503457 5.6796444 3.2275090 5.5763190 3.2272847 3.2001806 1.1604474 3.1307560 3.1333340 1.1596794 1.1030457 2.6830134 1.0429144 1.0587192 1.0921985 1.0843147 3.4667562 3.0986343 3.2602936 1.0240454 1.0945177 2.2276710 1.0836339 2.2141827 3.4057602 3.1499430 3.2040201 
YCyR2hit__unclassified_Nostoc__UniRef90_A0A252DUV9                         2.2739783 0.6804230 0.4977976 0.3171560 2.4912039 2.5790935 0.8831119 0.4507251 0.8860753 0.5292080 2.5911857 0.5290475 1.1115409 0.0000000 2.5148912 2.6250118 2.5269558 2.7092730 2.7026682 2.7138826 2.7711048 2.9182931 2.6140835 2.7846795 2.9709029 2.5645835 2.6530941 2.5461274 2.6105498 1.8426967 1.8899028 1.8686366 1.9315797 1.9654644 2.1534917 1.9546171 2.1461743 2.0463590 2.1242468 2.4229687 2.1648958 2.1093072 2.1323532 4.3698939 4.3752210 4.2780353 4.3991843 4.2420209 4.4374916 4.5062341 4.1771594 4.3554369 3.9244240 4.1647830 3.9827963 4.5141076 3.9074667 4.0395625 4.4535506 4.4600886 4.4755927 4.2621349 4.1317234 4.5671709 4.6486297 4.1516569 4.3180469 4.4672325 4.3620202 3.7113227 4.3553148 4.4784275 4.4054159 4.9032552 4.8425188 4.8555146 5.0913743 4.7847540 4.8552836 4.5605503 4.7361287 4.5637185 4.7117062 4.7156307 4.5894198 4.8822555 4.7859241 4.7786556 2.6105198 1.0172170 2.9080229 2.9744033 2.6905075 3.0489863 2.7084636 2.7743696 2.2739783 2.5974278 4.7209260 2.7591876 0.6974404 4.4374916 0.6737527 2.8186630 0.9902473 0.5803305 2.0661983 2.0488435 2.0446438 2.0649946 2.0478390 2.0493373 2.0679973 5.1998446 1.0485194 2.8905590 4.6788569 2.1619112 2.0174382 2.7439680 2.8538153 0.5133973 0.4989716 0.6896482 2.7671698 2.6087424 0.6579633 2.8152129 0.6481493 2.8152129 2.5339024 5.0299728 2.8817858 2.8413081 5.0919033 2.7289668 5.0551997 2.7940519 2.7998742 0.3490375 2.4901992 2.5529794 0.3683356 0.2155183 2.4248476 0.1729357 0.1814515 0.1765872 0.1836700 3.2111275 2.7201050 2.7166763 0.1871171 0.2015124 1.8969656 0.0086322 1.8426967 2.6251125 2.6154035 2.6707307 
YCyR2hit__Natronomonas_moolapensis__UniRef90_M1Y5I7                        2.4618107 2.5289197 2.3138604 2.4026549 1.1381378 0.2378401 2.5169713 2.1344427 2.5596532 2.6326095 1.0496315 2.3178855 2.6730256 2.5148912 0.0000000 1.0331766 1.0729913 1.0963149 1.0264961 0.9689982 1.0462533 1.0699451 1.2006382 0.8826623 0.8434509 0.2344667 0.8432818 0.2359139 0.3050771 2.2162024 2.2961915 2.3993030 2.5443441 2.4716089 3.1008723 2.3751590 2.6199390 2.5113287 1.2104615 1.2734157 1.2518339 1.1514952 1.2006680 4.2085320 4.6574736 4.5747393 4.3672974 4.4385209 4.6469282 4.6210688 3.8173561 4.1962273 4.0036651 4.1993744 3.7344303 3.9462395 3.8358971 3.9159969 4.1161476 4.5938282 4.3738471 4.1206658 4.4531962 4.3149061 3.8149644 4.2119309 4.7133630 4.2948654 4.1139492 3.7037948 4.0944660 4.5812314 4.4050076 4.5991122 4.4659930 4.3894905 4.4664196 4.5833774 4.7758351 4.4485539 4.7153415 4.0434251 4.8196750 4.7880444 4.4567124 4.2957620 4.3130518 4.5642829 1.0517718 3.1505471 3.1241576 3.1631696 2.8678926 3.3411597 2.6536642 2.7655332 2.3890005 2.8038393 5.4155652 2.7062599 2.6366199 4.6469282 2.5170064 3.2962269 2.7184229 2.1756347 2.5345211 2.5138864 2.5456238 2.5066660 2.5165513 2.5514839 2.5467070 6.2242149 2.5219698 2.6310645 6.2445984 2.4333116 2.4974476 3.2401982 2.8704334 2.2121108 2.1819029 2.8204130 2.9631576 2.6109700 2.8586972 2.8970443 2.8751140 2.8970443 2.6217909 6.1390817 3.0465058 3.1475710 6.1489030 3.2021035 6.1171750 3.1375161 3.1616760 2.3989132 2.8312366 2.8498831 2.3555919 2.4756103 2.6137588 2.3270567 2.3940991 2.3583732 2.3602247 3.1943682 3.0164447 3.0180845 2.5306847 2.5197163 2.2073004 2.4455941 2.2162024 2.8178636 2.9601693 3.0199537 
BRhit__Halobacterium__UniRef90_P02945                                      3.0950533 2.7052220 2.3439038 2.5405220 1.1281446 1.0131295 2.6454701 2.3379518 2.6244249 2.5857471 1.0640056 2.4215060 2.7566849 2.6250118 1.0331766 0.0000000 0.0828903 0.2062054 0.2435576 0.1977587 0.3674112 0.6512125 0.6994559 0.7943213 0.8779262 0.8682234 0.8343129 0.9119202 0.9292374 2.3431112 2.3925776 2.5208539 2.4965630 2.3738588 2.9547993 2.2805212 2.5687772 2.2842762 1.1008339 1.2107784 1.1386869 1.1122792 1.1874332 4.1938030 4.2475619 4.2966045 4.1183396 4.2698116 4.1716739 4.1537127 3.6517991 3.9642340 3.7948917 3.8720822 3.3883004 3.7315035 3.5581049 3.5316869 4.0898379 4.3541795 4.3492949 3.8259415 3.9145169 4.1911755 3.4714126 4.1257262 4.0975082 4.2412386 3.5570312 3.6241893 3.9678611 4.2301742 4.0054945 4.5475014 4.3169221 4.1164617 4.5857469 4.1969756 3.9571007 3.8583699 3.9706770 4.3245828 4.1154078 4.3642974 4.4890851 4.2735488 4.2816196 4.4114634 0.0159838 3.2320038 3.3837516 3.4698475 3.6876000 3.5164909 3.3961176 3.3023545 3.0518337 3.4715047 4.8585037 3.4820178 2.7239038 4.1716739 2.5677837 3.3388063 2.8137488 2.2731195 2.3057279 2.2867892 2.2712038 2.2739009 2.2420347 2.2763827 2.2660401 5.1566118 2.7159763 3.9603725 5.2915212 2.6930934 2.7481655 3.3911954 3.4713615 2.4031474 2.3827465 2.6028887 3.4901871 2.9366333 2.6391173 3.5269260 2.6536109 3.5269260 2.9291620 4.6929588 3.6572022 3.7122581 4.7280697 3.5682220 4.6982486 3.5573156 3.6919438 2.7445821 3.7230196 3.7196466 2.6675266 2.6104925 2.5479434 2.5266517 2.5669878 2.5590856 2.5104597 3.5801304 3.4952548 3.5271443 2.8248558 2.8371327 2.4054704 2.6501628 2.3431112 3.6628065 3.8516462 3.9105266 
BRhit__Halobacterium__UniRef90_UPI001F011AB0                               3.1313696 2.6175409 2.2526737 2.4944531 1.1207761 1.0051821 2.6297797 2.3046110 2.6383600 2.5312014 1.0705154 2.2792173 2.6629557 2.5269558 1.0729913 0.0828903 0.0000000 0.1981558 0.2552759 0.1741131 0.3916024 0.6712175 0.6853016 0.7739722 0.8520431 0.8770257 0.8048484 0.8932361 0.8993148 2.2581766 2.3686738 2.4351422 2.3978939 2.2573667 2.7906625 2.2322114 2.4716328 2.1778598 1.1251071 1.2098104 1.2025906 1.1458740 1.2087183 4.0578748 4.0567900 4.1351888 3.9398943 4.2070574 4.0471215 3.9701420 3.6357189 3.9499190 3.5860181 3.7217747 3.3930179 3.5373315 3.4817023 3.4038828 3.9493670 4.3020692 4.2082659 3.7580522 3.9045755 4.2179009 3.4443629 4.1227435 4.0471573 4.1977127 3.5505902 3.6394124 3.9176140 4.1864560 3.9266073 4.5797782 4.2546372 4.0370915 4.6672590 4.1706811 3.9843755 3.8590343 3.9337725 4.3268534 4.1852560 4.3254121 4.4406460 4.1146084 4.2493249 4.3353289 0.1024665 2.9755199 3.3964674 3.4882800 3.7291927 3.3945234 3.3596508 3.2435247 3.1031855 3.2423592 4.7783914 3.3731065 2.5239613 4.0471215 2.4080534 3.2601140 2.7590724 2.2699096 2.1984743 2.1803467 2.1653626 2.1679845 2.1374798 2.1702844 2.1604399 5.0426833 2.6507469 3.8281744 5.3217320 2.7958562 2.8462814 3.3604972 3.3427828 2.3030824 2.2695473 2.5257529 3.4703373 2.8399923 2.5606646 3.4899931 2.5746529 3.4899931 2.8329362 4.6478683 3.5073240 3.5557550 4.6827321 3.4659161 4.6531628 3.5585479 3.5570681 2.7518094 3.6586473 3.5995460 2.6366216 2.4678779 2.4518417 2.4797875 2.4717562 2.4560242 2.4167296 3.4895077 3.4582103 3.4898445 2.6827984 2.7623081 2.3301104 2.5515356 2.2581766 3.5709344 3.7578072 3.8137846 
BRhit__Haloplanus__UniRef90_A0A6B9F3P5                                     3.0768525 2.6597419 2.4037934 2.6580471 1.1195898 1.0720794 2.6672834 2.5102279 2.5605817 2.5849036 1.0568173 2.5082345 2.7474925 2.7092730 1.0963149 0.2062054 0.1981558 0.0000000 0.1650631 0.1628705 0.2229487 0.6769096 0.7178377 0.7827465 0.8877561 0.9674183 0.9011169 0.9771702 1.0055963 2.3540553 2.4881398 2.5693773 2.4545080 2.3336753 2.9355464 2.3049123 2.6874964 2.2480989 1.0860120 1.1369221 1.1573348 1.1398565 1.2208619 4.1966186 4.2328016 4.2705047 3.9398526 4.3045809 4.1025627 4.2015723 3.6935125 3.7993715 3.7534227 3.8169288 3.5878941 3.5771864 3.8353920 3.5030824 4.1730963 4.5233573 4.4146053 3.9425756 4.2961425 4.4411580 3.4898732 4.3890221 4.3541092 4.2928982 3.8373656 3.9531940 4.0187313 4.5184933 4.1427875 4.7308128 4.4980936 4.5011452 4.8715827 4.4186474 4.4622844 4.3106328 4.5054148 4.3135821 4.4923139 4.5863774 4.6682747 4.2325489 4.3889943 4.4539370 0.2129019 3.2020704 3.3114214 3.3995396 3.7438654 3.5186833 3.3794044 3.2418483 2.9637663 3.3455125 4.9257386 3.3636499 2.6677513 4.1025627 2.5507444 3.2876246 2.8702865 2.3409443 2.2692922 2.2506063 2.2352060 2.2378810 2.2064376 2.2403037 2.2301178 4.9478143 2.7620410 3.7849795 5.0310946 2.9383524 3.0560172 3.2803772 3.5126798 2.5453755 2.4513395 2.6900358 3.4170146 2.9676336 2.7543874 3.4032859 2.7697823 3.4032859 2.9601192 4.8673670 3.6382312 3.6319268 4.9066343 3.6149058 4.9381658 3.5981299 3.7072973 2.8161876 3.5845107 3.5598215 2.7728030 2.6280972 2.5838638 2.5588373 2.6665631 2.6430468 2.6392209 3.4064608 3.4515264 3.4867569 2.9310176 2.9402282 2.4163400 2.7355040 2.3540553 3.6287917 3.7255371 3.8310439 
BRhit__Haloplanus_natans__UniRef90_UPI000A5CE34D                           3.1406211 2.6787973 2.3819742 2.6265957 1.1260546 1.0054909 2.6251318 2.3525438 2.6182175 2.6043275 1.0149771 2.5526961 2.9001340 2.7026682 1.0264961 0.2435576 0.2552759 0.1650631 0.0000000 0.1690459 0.2943648 0.5918527 0.6419668 0.7358836 0.8753018 0.9291715 0.8438195 1.0285804 1.0547416 2.2633357 2.3710093 2.4449061 2.3284836 2.2325206 2.8982138 2.0890374 2.6638215 2.2320722 1.1093763 1.1584359 1.1191366 1.0861372 1.1497633 4.2060558 4.2313698 4.1657186 3.9625486 4.2291039 4.1097100 4.2447784 3.7435868 3.8109143 3.7180843 3.6907053 3.4967999 3.5900777 3.8243364 3.3261998 4.0855713 4.5597026 4.3341140 4.0076550 4.1197888 4.3906043 3.6085186 4.2261060 4.2689484 4.4016463 3.7466886 3.7283928 4.0847431 4.5099809 4.0347788 4.7320162 4.5137929 4.2646415 4.8198357 4.3969816 4.3000782 3.9366686 4.3144832 4.5749404 4.4369922 4.5254389 4.4868243 4.3491519 4.5693746 4.3491795 0.2509607 3.2718627 3.2201516 3.3033731 3.6251378 3.3838642 3.2657640 3.2371582 3.0251868 3.3931581 4.8365438 3.4829676 2.5432016 4.1097100 2.4652556 3.2054080 3.0262193 2.4647671 2.2531843 2.2345810 2.2192393 2.2219085 2.1906066 2.2243087 2.2141770 5.2404741 2.6265796 3.7484394 5.1004202 2.7210145 2.7525732 3.2270372 3.5878468 2.3689286 2.3650552 2.6873525 3.3641561 2.8636735 2.7270297 3.3506437 2.7422719 3.3506437 2.8564934 4.9315583 3.5481028 3.5983534 4.9717439 3.5774401 5.0043043 3.7162894 3.5970979 2.7248225 3.4453077 3.4501693 2.5919031 2.5157911 2.7691105 2.5796765 2.6046220 2.6192738 2.6120571 3.4418173 3.3528133 3.4035315 2.8207667 2.8332704 2.3536030 2.6907097 2.2633357 3.5708380 3.5919233 3.6823112 
BRhit__Halobaculum_rubrum__UniRef90_UPI001CA389E1                          3.0900131 2.7436833 2.4068532 2.6056367 1.1219310 0.9406592 2.7202896 2.3570603 2.6478191 2.6307562 1.0662790 2.4601678 2.7604934 2.7138826 0.9689982 0.1977587 0.1741131 0.1628705 0.1690459 0.0000000 0.2529722 0.5674774 0.6797369 0.7347978 0.7806990 0.8851926 0.7681095 0.9392196 0.9524679 2.2434943 2.3630578 2.5137701 2.4589090 2.2834621 2.9523162 2.2254723 2.5574475 2.2418203 1.0963723 1.1742214 1.1661117 1.1223133 1.1905091 4.0514362 4.0219058 4.0733185 3.8653031 4.0757733 3.9352514 3.9075157 3.6465126 3.9863508 3.6974766 3.7786681 3.3895411 3.6194034 3.6411259 3.4506694 3.8594967 4.2559396 4.1895586 3.7950139 3.9681331 4.3825998 3.4256189 4.1835221 4.1006826 4.1814781 3.8178452 3.7995491 3.7557150 4.4390927 4.3033448 4.5993293 4.2797810 4.1519238 4.4563714 4.0270545 4.0597884 3.8469022 3.9533373 4.4572441 4.1057619 4.1976662 4.2795961 4.3346640 4.5028985 4.0683523 0.2046996 3.2231630 3.3135776 3.4327711 3.6919290 3.3830662 3.1338105 3.0965994 2.9889824 3.2662560 4.6047591 3.3614346 2.6080588 3.9352514 2.4946565 3.2822043 2.9008266 2.4203006 2.2629961 2.2443300 2.2289419 2.2198915 2.2002059 2.2340321 2.2121503 5.0516006 2.6800280 3.6473150 4.9496102 2.9148795 2.9946572 3.2715710 3.2959884 2.3694649 2.3112030 2.7494035 3.3969315 2.9468640 2.7895118 3.4090122 2.8052348 3.4090122 2.9393931 4.8558751 3.5456202 3.5096296 4.8725845 3.4756960 4.8413873 3.4028253 3.6184236 2.7744894 3.5309527 3.5350053 2.7233563 2.6432054 2.5461121 2.5485372 2.5815774 2.6051445 2.6029506 3.4860887 3.4306122 3.5034720 2.8704905 2.8766915 2.3033511 2.7019783 2.2434943 3.5131108 3.7189028 3.7909859 
BRhit__Halohasta_salina__UniRef90_UPI002110EEC8                            2.9276985 2.6997565 2.4180704 2.7373895 0.9850162 0.9781034 2.6753593 2.3862668 2.7735853 2.8106619 0.8995661 2.6113353 2.8291171 2.7711048 1.0462533 0.3674112 0.3916024 0.2229487 0.2943648 0.2529722 0.0000000 0.5798008 0.8098801 0.7306068 0.9096659 0.9376190 0.8453800 1.0100121 1.0100819 2.2717011 2.3896223 2.3362051 2.3537924 2.3428107 2.8300506 2.1616167 2.3523642 2.3989142 0.9721139 1.0228567 1.0996767 1.0102511 1.1807733 4.0635139 4.3663712 4.4336189 3.9578452 4.3749826 4.4564694 4.4760008 3.5688739 3.9860341 4.0077743 4.0099558 3.5806977 3.5728692 3.6751328 3.5880231 3.8623885 4.6091128 4.4329691 3.9202480 3.9114792 4.8344105 3.3510883 4.3883400 3.8911115 4.4233388 3.7337503 3.9125061 3.9105093 4.6179043 4.0498923 4.5939937 4.5253779 4.4508981 4.7351350 4.3449824 4.4632757 4.1937942 4.5583232 4.4912775 4.3827111 4.4427986 4.4799038 4.3371542 4.4008613 4.2836812 0.3787717 3.2892857 3.3099988 3.4177721 3.5507364 3.5668708 2.9712162 3.2023573 2.8049352 3.2079981 4.7645927 3.1916431 2.5831743 4.4564694 2.6364710 3.3015766 2.9670357 2.4413050 2.4214659 2.4014758 2.3850962 2.3878989 2.3542584 2.3906040 2.3796236 5.1461153 2.7331734 3.6464228 5.1184970 2.9161261 2.9422898 3.3122199 3.5370194 2.4226148 2.4492135 2.8294683 3.5490400 2.9945805 2.8989222 3.4730352 2.9155282 3.4730352 2.9861765 4.9998303 3.6496143 3.6561088 5.0518697 3.7242986 5.0711199 3.5877349 3.7509508 2.8032328 3.5314525 3.5293747 2.7434548 2.6256201 2.6068510 2.6144661 2.6090098 2.6636391 2.6686233 3.6953388 3.5263150 3.6471581 2.9116645 3.0825624 2.3444493 2.7979562 2.2717011 3.4833440 3.5525380 3.6488488 
BRhit__Halobacteriales_archaeon_QS_8_69_26__UniRef90_A0A2R6JS63            3.2633765 3.0847272 2.6883135 2.8629939 1.3604974 1.0285936 3.1254851 2.5998587 3.1646276 3.0714853 1.1991151 2.9796246 3.2146893 2.9182931 1.0699451 0.6512125 0.6712175 0.6769096 0.5918527 0.5674774 0.5798008 0.0000000 0.6456933 0.6740627 0.8419837 1.0274291 0.9718860 1.0617029 1.0389701 2.4905216 2.5954334 2.7800531 2.7436127 2.5948537 3.3440918 2.5474838 2.8912003 2.6380513 1.2720637 1.3504245 1.4056015 1.2651377 1.4615597 3.6712757 3.7035369 3.6906076 3.6796248 3.5414556 3.8041267 3.7931282 3.5162729 3.7166572 3.8146468 3.8431571 3.3535178 3.5149892 3.3460830 3.4395640 3.6826145 4.3796820 4.2838404 3.8607695 3.6912265 4.1042656 3.2268821 4.1699121 3.7956437 3.9451341 3.8326383 3.6553035 3.7734695 4.0637170 4.2321701 4.7746932 4.7377874 4.8815489 5.0534559 4.7510765 4.9018462 4.3659443 5.0246790 4.2467282 4.7579463 4.6533463 4.8509189 4.4593644 4.2968920 4.5459948 0.6725917 3.5353729 3.5037795 3.5117903 4.3299853 3.5782179 4.1830306 4.1117969 3.1835956 3.8984544 4.3009999 4.1713171 3.1128182 3.8041267 3.0347893 3.5622845 3.2058648 2.5919058 2.6625035 2.6406611 2.6747888 2.6723865 2.6439647 2.6810450 2.7158580 4.9652779 2.9246041 4.3736142 5.0772472 2.9469321 3.0511412 3.7100987 3.6725678 2.7520701 2.7432485 3.1489751 3.6740881 3.4752325 3.1619926 3.5915009 3.1804940 3.5915009 3.4713882 4.7770879 3.7211060 3.9171851 4.8694222 3.7581499 4.8472250 3.9232708 3.8455154 2.9768259 4.2826111 4.2541437 2.9556023 2.8575718 2.9860046 2.8952052 2.8254717 2.7341623 2.7602871 3.6636473 3.6349585 3.6129866 3.0725426 2.9947761 2.5112641 2.9126713 2.4905216 4.2308334 4.3997667 4.4506007 
BRhit__Uncultured_archaeon__UniRef90_I1X958                                3.0873880 2.7793831 2.4677003 2.5949269 1.3494958 1.1555379 2.5346408 2.1607168 2.6067993 2.7869401 1.1829541 2.4798276 2.8872731 2.6140835 1.2006382 0.6994559 0.6853016 0.7178377 0.6419668 0.6797369 0.8098801 0.6456933 0.0000000 0.7287632 0.8466414 1.0687786 0.9350694 1.1465380 1.1254906 2.4089015 2.4387330 2.6417706 2.7087357 2.5057069 2.8846878 2.4149773 2.7991262 2.4032064 1.2614937 1.3468943 1.3957757 1.3517575 1.3639798 4.0596474 3.8733726 3.9290972 3.6254912 4.1212574 3.9603481 3.7661724 3.4970614 3.8960518 3.5488648 3.4652207 3.2779224 3.4746762 3.3293241 3.4319866 3.9280659 4.0789348 3.9489963 3.9026729 4.4346934 4.5191772 3.7151641 4.1875159 4.4974417 4.4413101 3.7879656 3.4195740 4.0659886 4.3279125 4.2012794 4.4376959 4.5617999 4.4670540 4.7598655 4.3615111 4.5985813 4.3967518 4.5237377 4.4267226 4.7791423 4.5546948 4.8865951 4.5658319 4.4001429 4.6455494 0.7216744 3.2399465 3.4320360 3.4642866 3.5268400 3.4380590 3.2808697 3.3672490 3.0432835 3.4933439 4.9251968 3.5667701 2.7281091 3.9603481 2.7596968 3.4103301 2.9117240 2.2609058 2.4259880 2.4057911 2.3653734 2.3934523 2.4028500 2.3708804 2.3612600 5.2357294 2.6278859 3.6784944 5.2301936 2.8383942 2.8240550 3.2402338 3.3672344 2.3550560 2.3327970 2.8635519 3.3529508 2.9421171 2.8962039 3.3542467 2.9129408 3.3542467 2.9531042 5.1810676 3.4634642 3.5520366 5.1069874 3.6187590 5.0537616 3.5276544 3.5176887 2.6200026 3.4018182 3.3536306 2.6114525 2.6642002 2.6112639 2.6342389 2.5084286 2.6075775 2.5614831 3.2928883 3.3787433 3.3944227 2.7859440 2.8291088 2.4221180 2.6084048 2.4089015 3.5942834 3.5940657 3.6240759 
