85
YCyR2hit__Nodosilinea_nodulosa__UniRef90_A0AAJ6N6B2                        0.0000000 2.4257560 2.5332867 2.6833678 2.7840849 3.0447733 2.7799205 2.5195428 2.6672643 2.6568970 2.7986216 2.7477626 2.9593014 2.8093388 3.1178858 3.8032685 3.9055406 3.7845998 3.8970530 3.7993616 3.6916531 3.2557899 4.1034161 3.9675867 3.4910119 3.8127673 3.2569692 3.3370792 3.1801356 2.9566185 2.9781427 2.8090739 2.9743871 2.7926209 3.0957070 3.0208622 2.9282386 2.5320435 2.5724843 2.9804067 3.1370135 2.5332867 6.7545378 7.1995710 6.9196784 6.9186358 6.6554892 6.2804665 6.7411934 7.1101746 6.6246809 6.6228203 7.8739863 6.9275891 6.9933136 6.1502220 8.3807890 7.0581975 6.7299181 7.2569103 8.9999986 8.8683898 8.9999990 8.9999989 8.3911538 7.9081584 8.9999985 8.7027035 8.4931160 7.3331938 8.9999990 8.9999982 8.2573308 7.6305206 7.3988971 7.6066501 7.6802771 8.2850292 7.8320380 8.3780647 8.9999988 7.6054701 8.3780647 8.9999981 7.8320380 
YCyR2hit__Pseudanabaena_sp_FACHB_2040__UniRef90_A0A926ZYX4                 2.4257560 0.0000000 0.8497949 0.6880715 3.3491263 3.1349473 1.3084235 0.7585748 1.1815544 0.8981409 3.4847286 0.7092571 1.2495941 0.7725027 3.2110204 3.4549655 3.3407187 3.3996585 3.4257397 3.5296084 3.4830629 2.7295853 4.0722873 3.5955381 3.8243339 3.5478479 3.3206081 2.9878156 3.1673461 2.4115018 2.5384830 2.6315336 2.7225291 2.5218181 2.8345823 2.7647362 2.8460058 2.5861152 2.8714109 3.0834726 3.2126861 0.8497949 5.4825829 5.9263091 5.5697857 5.7354838 5.5916797 5.9860985 6.0629402 5.8408751 5.5033052 6.2568341 6.7189836 6.4532988 6.6156443 5.6537808 6.5837979 5.9274169 6.0758608 6.1362410 6.2783492 6.6447705 6.3685641 6.8560508 7.3079573 6.6293699 5.8081739 7.1260539 7.4605589 5.5773240 5.5601970 7.0446222 7.2711603 5.5994406 5.6330726 6.6430172 6.3936211 6.9164252 7.0633835 7.0434037 6.8582500 6.7190061 7.0434037 6.8245129 7.0633835 
YCyR2hit__Leptolyngbya_sp_FACHB_261__UniRef90_A0A926UF78                   2.5332867 0.8497949 0.0000000 0.5038353 2.9897615 2.8586205 0.9204099 0.5962646 0.9869972 0.6984048 2.7869437 0.6230616 1.1487743 0.5620967 2.9077937 2.9283729 2.8073155 3.0365484 2.9929388 3.0345022 3.0685891 2.4836829 3.4445695 3.0973071 3.2184250 3.2752030 2.7743994 3.1252566 2.7204626 1.9758360 2.0255352 2.1483655 2.3329865 2.4757129 2.5987729 2.3811569 2.6072390 2.2167720 2.8021534 2.5254519 2.7874772 0.0000010 6.2026988 6.3256212 5.8364341 6.2345396 6.0467735 6.1966387 6.0372939 5.8606098 5.5876587 6.0127266 6.2385296 5.6546052 5.5188549 5.6241252 6.2785652 6.0577141 5.8222311 6.5193192 6.5853490 6.6664699 6.3957543 7.8732822 7.2077458 7.2366659 6.6288717 8.1292037 7.7001579 6.5207805 6.6885087 7.6086436 7.0627152 6.5990586 6.7042491 6.8467278 6.5998914 6.3744284 6.3813065 6.6634160 6.3417961 6.1447640 6.6634160 6.8123458 6.3813065 
YCyR2hit__Hassalia_byssoidea_VB512170__UniRef90_A0A846HFU5                 2.6833678 0.6880715 0.5038353 0.0000000 3.1131321 3.0096417 0.8669359 0.5094857 0.8629718 0.6093583 3.1979197 0.5647456 1.0907127 0.3447956 3.0168992 3.1618954 3.0890397 3.2907295 3.3026628 3.2501481 3.5016250 2.6106097 3.6844105 3.2802736 3.3535844 3.3677394 3.1610839 3.2705458 3.0701281 2.2115872 2.2412477 2.3818016 2.5546839 2.4805785 2.7009507 2.4536873 2.6470321 2.4973724 2.6841107 2.6408524 2.8923612 0.5038353 5.5672127 5.8465993 5.6188296 6.1440495 5.9208932 6.0135705 5.9601462 5.9300187 5.5288226 5.9801674 6.0131302 5.3149338 5.7679264 5.4021143 6.2762186 5.5222995 5.4205758 5.8661161 5.7508102 6.2503705 5.9277111 6.8611548 7.4525363 6.7005737 6.1891473 7.2528321 7.1763712 5.9949428 6.1004630 7.2178382 7.2628337 6.0403192 6.3085313 6.7672496 6.7156922 6.5260786 6.8284689 6.6216267 6.3379440 6.1207590 6.6216267 6.3788167 6.8284689 
YCyR2hit__Halorientalis__UniRef90_A0A1G7PUC9                               2.7840849 3.3491263 2.9897615 3.1131321 0.0000000 1.2961654 2.6766307 2.9416735 2.7170439 2.9881090 0.2380975 2.9405886 3.0887877 3.1787233 1.3527716 1.2958831 1.2792832 1.2947832 1.2944615 1.2889604 1.1044819 1.0993258 1.5540734 1.5155709 0.9355705 1.4114281 1.2312629 1.0907862 1.2995659 2.5753538 2.4793907 2.7428689 2.7168020 2.3307165 2.8778164 2.4255652 2.7862785 2.5159890 2.7848378 0.6233206 0.6968988 2.9897615 5.5462577 6.3408843 6.2575169 6.0218516 6.4764805 6.2791918 5.8068748 6.0300236 5.2667983 5.4418874 5.9637537 5.8436325 5.8737831 5.0059775 6.1732305 5.8015864 5.2944289 5.7450156 6.9550549 6.2557095 6.5677204 6.5545329 6.1650257 6.3401751 6.9790385 6.8475727 5.8365818 5.6368845 6.4072974 6.5449788 6.5342802 5.8501647 5.8261171 8.5321643 8.2020729 8.3233534 7.9475774 8.5821946 8.3106094 8.0443628 8.5821946 8.7632614 7.9475774 
YCyR2hit__UnknownTaxon__UniRef90_P29563                                    3.0447733 3.1349473 2.8586205 3.0096417 1.2961654 0.0000000 3.2217700 2.7744887 3.4358558 3.3990415 1.1038091 2.9646105 3.6087947 3.1914901 0.2590246 1.1399334 1.1304779 1.1717087 1.1038160 1.0889447 1.0673528 1.0221227 1.1887026 1.3427614 0.9489774 0.9075018 0.2510930 0.8725658 0.2297494 2.5674761 2.7164098 2.7753375 3.0375475 2.9520679 3.5467814 3.1251836 3.0853031 2.8851477 3.2878244 1.2459654 1.3851711 2.8586205 5.6613151 5.9233998 5.9043470 5.5073699 6.0860637 5.5855164 5.5919484 5.7694169 5.1892478 4.9732751 5.4446021 5.4768829 5.4030267 5.2985237 5.4634871 5.1372504 4.5460045 5.4684135 6.0799935 5.9082777 5.8603315 6.8758404 6.5028634 5.4032079 6.1848236 7.1948268 6.4094804 5.7855542 6.0052510 6.1235590 6.7959349 6.3551328 6.2427416 6.8473535 6.6016180 6.5904741 6.6869860 7.0656764 7.5246136 6.5856639 7.0656764 7.0049677 6.6869860 
YCyR2hit__Leptolyngbya_ohadii__UniRef90_UPI000B5A185C                      2.7799205 1.3084235 0.9204099 0.8669359 2.6766307 3.2217700 0.0000000 0.8732314 0.1265858 0.9984523 2.6452708 0.9819677 1.0347640 1.0147278 3.1836835 3.3566821 3.3446209 3.3988839 3.3162230 3.4703543 3.4331060 2.6782913 4.0612065 3.1877741 3.4474294 3.6428131 3.2637609 3.2644492 3.3626036 2.4914457 2.4368927 2.6672648 2.6741357 2.4362299 3.1010012 2.5284492 2.8074374 2.5713253 2.9964879 2.6701663 2.9345873 0.9204099 6.0132423 6.5136710 6.4449177 6.4152254 6.6318811 6.7366292 6.3937821 6.0521079 5.7633140 6.0420412 5.8867452 5.1443036 5.3212180 5.2538290 5.8733699 5.6041152 5.2246119 6.6719974 6.3846628 6.6473419 6.4144415 6.8696492 6.6659632 6.3309965 6.3112854 7.4573817 7.0333933 6.1273314 6.9712909 7.2279340 6.5244402 6.0282691 5.9999867 6.4961308 6.4663416 6.5177347 6.5162934 6.3595887 5.8777603 5.9082145 6.3595887 6.1410069 6.5162934 
YCyR2hit__Aliterella_atlantica_CENA595__UniRef90_A0A0D8ZW42                2.5195428 0.7585748 0.5962646 0.5094857 2.9416735 2.7744887 0.8732314 0.0000000 0.8831419 0.6177534 2.6723823 0.5802957 1.1970921 0.5320557 2.6241890 2.8915091 2.8512774 3.0986310 3.0330503 3.0270291 3.1381442 2.4990618 3.2830583 2.6842466 3.0456013 3.4057350 2.8083720 2.7218016 2.6380800 2.2881114 2.4233388 2.4226955 2.5457822 2.3500540 2.8542569 2.3982730 2.6611557 2.4645907 2.7544867 2.7906395 3.0600065 0.5962646 5.4177575 5.2968838 5.1871222 5.3675818 5.4100588 5.4355105 5.1436946 5.0647655 4.9414019 5.5569897 5.4245790 4.5563834 5.1937546 4.6734657 5.9812434 4.8777338 4.8984438 5.6450847 6.0424565 6.0383621 5.6156686 5.8065024 6.2094123 5.1648323 4.8842515 6.2217176 6.1454376 4.9524650 4.8074034 5.7719846 6.0785148 4.8636208 4.9239492 6.0189213 5.8218256 5.9132272 6.1704417 5.9079433 6.3139422 5.8210810 5.9079433 6.0572840 6.1704417 
YCyR2hit__Cyanobacteriota__UniRef90_A0A926PVG5                             2.6672643 1.1815544 0.9869972 0.8629718 2.7170439 3.4358558 0.1265858 0.8831419 0.0000000 0.9932064 2.8044243 0.9350376 0.9355635 1.0162557 3.2535690 3.3240652 3.3450487 3.2508611 3.3140870 3.3639827 3.5956826 2.6754633 4.1456867 3.3001609 3.4699505 3.6371942 3.2539938 3.2966054 3.3779174 2.4823521 2.4550591 2.6794564 2.5613440 2.4882857 3.2385500 2.5875193 2.6818151 2.5116073 2.9254689 2.7617963 3.0078779 0.9869972 6.0636198 6.3231320 6.1701145 6.4235381 6.2201323 6.3869474 6.0174149 5.8233278 5.2439438 5.5401479 6.0270309 5.3664474 5.5059252 5.0906600 5.7314156 5.4802188 5.3325181 6.3364423 6.0400932 6.2488437 6.2469047 7.3803788 6.7660706 6.5367349 6.6329302 7.5968646 6.9255691 5.9356172 6.5523456 7.2681796 6.6533262 5.9981921 6.0265379 6.2524068 6.4149714 6.5292360 6.6081196 6.4417990 6.0858044 6.0751010 6.4417990 6.3377849 6.6081196 
YCyR2hit__Microcoleus_sp_FACHB_1515__UniRef90_A0A926U182                   2.6568970 0.8981409 0.6984048 0.6093583 2.9881090 3.3990415 0.9984523 0.6177534 0.9932064 0.0000000 3.0536733 0.6131572 1.2191412 0.5897994 3.3792876 3.2988029 3.2631489 3.3060004 3.3766728 3.4993387 3.6360645 2.7890583 3.8447558 3.4884946 3.1761711 3.7026333 3.2615473 3.1807734 3.4056139 2.3147987 2.4118640 2.3997531 2.3615301 2.2025738 2.8084404 2.5670595 2.7103090 2.4290906 2.8479106 2.6491189 2.8814690 0.6984048 5.1739070 5.2304617 4.8202403 5.3449383 4.8844098 5.1599985 5.5142499 5.4332416 5.1601674 5.4885277 5.3317147 4.6541988 5.0716067 4.9360001 5.5319754 5.3691007 4.6344426 5.4892964 5.3816254 5.7171412 5.3705354 6.7553329 6.8291445 6.6756806 5.8207184 7.1936504 6.7881727 6.0175512 6.1303079 6.7142209 6.3830134 6.0621691 5.9943083 7.0568668 6.4751766 6.9219581 6.8176956 7.0167973 6.5365776 6.3654228 7.0167973 6.7346332 6.8176956 
YCyR2hit__Halorientalis_marina__UniRef90_UPI001FF6C9D7                     2.7986216 3.4847286 2.7869437 3.1979197 0.2380975 1.1038091 2.6452708 2.6723823 2.8044243 3.0536733 0.0000000 3.0130169 2.9529264 3.2348595 1.2079100 1.2157744 1.2178244 1.2096512 1.1573814 1.2237918 1.0236357 1.0696519 1.3719206 1.3384449 0.9434976 1.2385207 1.1283318 1.0059232 1.1734684 2.2809682 2.2724453 2.5900804 2.8331103 2.1766199 2.7320118 2.2733224 2.7519037 2.4715031 2.7409952 0.7553504 0.7709990 2.7869437 5.6403834 5.9450396 5.7051836 5.4495162 5.8821820 5.8902398 5.4738883 5.8901232 4.7897581 5.4611101 5.6513426 5.3004995 5.3709244 4.9327813 6.0105873 5.4208287 5.1839309 5.1336936 6.3862553 5.8828415 6.2461004 6.2931351 6.0505304 5.8985891 6.2327234 6.6524409 5.5992395 5.4430358 5.5960271 6.2973435 6.3963959 5.6974351 5.3912724 8.2579245 8.3418650 8.4964499 7.5974533 8.0631283 8.3118049 7.5646224 8.0631283 8.3853551 7.5974533 
YCyR2hit__unclassified_Leptolyngbya__UniRef90_UPI0016884D19                2.7477626 0.7092571 0.6230616 0.5647456 2.9405886 2.9646105 0.9819677 0.5802957 0.9350376 0.6131572 3.0130169 0.0000000 1.1897946 0.5944726 2.9061710 3.0392056 2.8592866 3.1865456 3.2442460 3.1209153 3.3251162 2.5149934 3.8569826 3.1387267 3.3047908 3.4727435 2.9349581 3.1667369 2.9367298 2.2362045 2.2602039 2.4876733 2.5172444 2.3579821 2.7780066 2.5162112 2.6068958 2.5493514 2.7850088 2.8201208 2.9495105 0.6230616 5.3819089 5.4407717 5.2456561 5.4445608 5.2451084 5.3938175 5.6407187 5.5786185 5.3310452 5.3110246 5.4472622 4.9309380 5.3395877 4.7115495 6.0791690 5.2256118 5.0352031 5.8626552 5.7735865 6.0573321 5.2764783 5.8607535 6.4586418 5.9329864 5.6233398 6.3741216 6.6943284 5.7026435 5.4889712 5.9477231 6.4728749 5.8140283 5.7853081 6.8018855 6.7670143 6.5548788 6.8038773 6.7404231 6.4779325 6.4660236 6.7404231 6.4981254 6.8038773 
YCyR2hit__Leptolyngbya_sp_NIES_2104__UniRef90_A0A0P4V0S4                   2.9593014 1.2495941 1.1487743 1.0907127 3.0887877 3.6087947 1.0347640 1.1970921 0.9355635 1.2191412 2.9529264 1.1897946 0.0000000 1.2907638 3.4432601 3.6336113 3.4813801 3.5506816 3.7664874 3.5754448 3.7939783 2.9366704 4.3458104 3.8386120 4.3629132 3.7800942 3.5766400 3.6664562 3.4674721 2.7641768 2.9654653 3.1629538 3.1192012 3.2604323 3.4343621 3.0779270 3.4739481 3.0741748 3.5762757 2.9099878 3.0323941 1.1487743 6.6335040 6.7060841 6.3559705 6.7025548 6.5756579 6.3922528 6.7176276 6.7095791 5.9322457 6.3016577 6.2509319 6.1799195 6.0087806 6.5702496 6.3903401 6.9124062 5.9588644 7.2009767 6.7750863 7.3450157 7.5926598 7.7675618 7.6440887 7.6920640 6.4802112 8.4090789 7.5305684 7.0257784 6.6810315 7.6267271 7.3548345 7.2093566 7.0779192 7.9841913 7.3567372 7.3374696 7.2812153 7.1392873 6.8884320 6.4046793 7.1392873 7.0588852 7.2812153 
YCyR2hit__unclassified_Nostoc__UniRef90_A0A252DUV9                         2.8093388 0.7725027 0.5620967 0.3447956 3.1787233 3.1914901 1.0147278 0.5320557 1.0162557 0.5897994 3.2348595 0.5944726 1.2907638 0.0000000 3.1369512 3.3171813 3.1892562 3.4753137 3.4357976 3.4637809 3.5596824 2.6769193 3.7173612 3.2854740 3.5050721 3.7383770 3.2002030 3.2963942 3.1793872 2.2243192 2.2909657 2.2682196 2.4742095 2.3877667 2.6482782 2.3635533 2.6229446 2.5241534 2.7996229 2.6365501 3.0410812 0.5620967 5.8767344 6.0461507 5.7239955 6.1371815 5.9107422 5.9855599 5.9942138 6.0318643 5.6354537 5.8066792 6.0652673 5.3767942 5.6488888 5.4994983 6.2772395 5.4193107 5.4035187 6.1462779 6.1231736 6.1828156 5.9110964 6.0960757 6.7693695 6.6701301 5.7257555 6.3694850 6.6143643 5.9781878 5.4796006 6.2035656 6.4727953 5.9020921 6.1554566 7.2719603 7.1360031 6.9845097 7.3730032 7.1833512 7.0746659 6.5116808 7.1833512 7.0399156 7.3730032 
YCyR2hit__Natronomonas_moolapensis__UniRef90_M1Y5I7                        3.1178858 3.2110204 2.9077937 3.0168992 1.3527716 0.2590246 3.1836835 2.6241890 3.2535690 3.3792876 1.2079100 2.9061710 3.4432601 3.1369512 0.0000000 1.1678012 1.2168884 1.2213156 1.1191223 1.1266987 1.1314583 0.9189840 1.2496994 1.4052490 1.0170311 0.9258088 0.2569468 0.8912536 0.2561502 2.7563575 2.8598433 2.9717572 3.2893310 3.0398289 4.0101085 3.0098487 3.2816916 3.1395486 3.8103864 1.4221913 1.5078007 2.9077937 6.0734540 6.3887006 6.4419637 5.9572555 6.4107801 6.1886989 5.8302231 6.2515048 5.6004345 5.1954847 5.7569281 5.3520725 5.5837545 5.4439961 5.4673349 5.2803184 4.8333800 5.6318505 6.3887399 6.1160359 5.8773852 6.9823686 6.5401734 5.1864079 6.3133443 7.4050071 6.3618634 5.9730010 5.9633620 6.1382998 6.8794567 6.6651077 6.5246415 7.2720987 7.0762011 6.6777158 7.0863764 7.0261579 7.8962427 6.7884425 7.0261579 7.2971910 7.0863764 
BRhit__Halobacterium__UniRef90_P02945                                      3.8032685 3.4549655 2.9283729 3.1618954 1.2958831 1.1399334 3.3566821 2.8915091 3.3240652 3.2988029 1.2157744 3.0392056 3.6336113 3.3171813 1.1678012 0.0000000 0.0866572 0.2197334 0.2548398 0.2111586 0.3795755 0.0053928 0.7138911 0.7683273 0.9001844 0.9089513 0.9725563 0.9848849 1.0198814 2.9101459 2.9716232 3.1439709 3.1261672 2.9150917 3.8258846 2.7872858 3.2121529 2.8570469 3.1890442 1.2698481 1.4204467 2.9283729 5.7414679 5.9409177 5.9781623 5.3772446 6.0998047 5.8999918 5.1806239 5.6884099 5.1023325 5.0262232 5.4048268 5.4201518 5.5567448 4.6698026 5.5718790 5.2184177 4.7742109 5.3739261 5.6830469 5.7147751 5.2820110 5.6250832 5.8534952 4.9439467 5.7490470 5.9273019 5.8124522 5.2149741 5.3408420 5.9253576 5.9106725 5.4167948 5.2941008 7.1939079 7.1172389 6.8316432 7.2409760 6.6573173 6.4633513 5.9929106 6.6573173 6.4116376 7.2409760 
BRhit__Halobacterium__UniRef90_UPI001F011AB0                               3.9055406 3.3407187 2.8073155 3.0890397 1.2792832 1.1304779 3.3446209 2.8512774 3.3450487 3.2631489 1.2178244 2.8592866 3.4813801 3.1892562 1.2168884 0.0866572 0.0000000 0.2117403 0.2672953 0.1847289 0.4066611 0.0930671 0.7383561 0.7549065 0.8782482 0.8801385 0.9820136 0.9493016 0.9969715 2.8030277 2.9442207 3.0270172 2.9540364 2.7619785 3.5913054 2.7156355 3.0834757 2.7203439 3.0909380 1.2898771 1.4104917 2.8073155 5.6123830 5.7555510 5.8296415 5.2134696 5.9285191 5.8302511 4.9759788 5.5030243 5.0006430 4.9617429 5.3895914 5.2512386 5.3912335 4.6518768 5.2156383 5.1545556 4.6784923 5.2587997 5.6065182 5.4834265 5.1696686 5.5967616 5.8786049 4.9148670 5.7380301 5.8491744 5.7212462 5.1788551 5.3341796 5.8368184 5.8233848 5.3083648 5.2542194 7.4269670 7.0347313 6.4748677 7.3034871 6.6034291 6.3441428 6.0758397 6.6034291 6.6042493 7.3034871 
BRhit__Haloplanus__UniRef90_A0A6B9F3P5                                     3.7845998 3.3996585 3.0365484 3.2907295 1.2947832 1.1717087 3.3988839 3.0986310 3.2508611 3.3060004 1.2096512 3.1865456 3.5506816 3.4753137 1.2213156 0.2197334 0.2117403 0.0000000 0.1760084 0.1728718 0.2412946 0.1452864 0.7527793 0.7916629 0.8728734 0.9954893 1.0678248 1.0398260 1.0806981 2.9599409 3.1337488 3.2480770 3.0366450 2.9250284 3.8287530 2.8321084 3.3952494 2.8291221 3.4086520 1.2614719 1.3377387 3.0365484 5.9323108 5.8489912 6.0404381 5.3004358 6.1259900 5.8318254 5.4808088 5.6839906 5.5138375 5.2263530 5.4877846 5.5377499 5.6087636 4.9205880 5.3052195 5.7191233 4.8555637 5.5551089 6.1471702 6.1335417 5.5767003 6.2489234 6.4529036 5.0840868 6.2477773 6.4443421 5.8961368 5.4437689 6.0373250 6.0023703 6.5403888 5.4910621 5.5632732 7.9631920 7.3905839 7.1381373 7.9918781 7.1460756 7.1286791 6.6888694 7.1460756 7.5183518 7.9918781 
BRhit__Haloplanus_natans__UniRef90_UPI000A5CE34D                           3.8970530 3.4257397 2.9929388 3.3026628 1.2944615 1.1038160 3.3162230 3.0330503 3.3140870 3.3766728 1.1573814 3.2442460 3.7664874 3.4357976 1.1191223 0.2548398 0.2672953 0.1760084 0.0000000 0.1797946 0.3196264 0.1731208 0.6405064 0.6924727 0.7922292 0.9632388 1.0100314 0.9607352 1.1216493 2.8133148 2.9518626 3.0426393 2.8525964 2.7545737 3.7373852 2.5206128 3.3396140 2.7809983 3.2057068 1.2795425 1.3541429 2.9929388 5.9096934 5.7681887 5.8336369 5.2298720 5.9357945 5.7365042 5.1908775 5.7102955 5.3657919 5.3051100 5.5434213 5.4634521 5.3838451 4.8847039 5.1043395 5.7030748 4.5634573 5.4394806 6.1334381 5.9221651 5.5687094 6.0125045 6.3475173 5.1321869 5.9942079 6.2055137 6.3957481 5.3890006 5.6091114 5.9130396 6.5586891 5.7717343 5.6087313 7.9676590 7.4500500 6.9864789 7.7810039 6.9980698 6.9208350 6.3822326 6.9980698 7.1545781 7.7810039 
BRhit__Halobaculum_rubrum__UniRef90_UPI001CA389E1                          3.7993616 3.5296084 3.0345022 3.2501481 1.2889604 1.0889447 3.4703543 3.0270291 3.3639827 3.4993387 1.2237918 3.1209153 3.5754448 3.4637809 1.1266987 0.2111586 0.1847289 0.1728718 0.1797946 0.0000000 0.2738580 0.1492970 0.6512163 0.7705266 0.8397217 0.8920440 1.0262767 0.9025356 1.0858968 2.7910117 2.9305110 3.1349648 3.0211079 2.8351000 3.8201801 2.7060651 3.2004997 2.8042410 3.2595641 1.2619251 1.3731811 3.0345022 5.5828190 5.6596417 5.6842968 5.1215493 5.8097118 5.6710552 4.9714131 5.3423801 5.1623011 5.0040885 5.6095821 5.2419450 5.3849258 4.6295513 5.2398079 5.1983542 4.6591974 5.2597117 5.6486071 5.6146874 5.3841756 5.6919539 6.3324228 4.9675952 5.7982857 5.9284403 5.7826753 5.2215654 5.7435702 5.5796719 6.3587612 5.8221939 5.4342288 7.5035951 6.8510836 6.4779103 7.2108610 6.3706772 6.5773754 6.0889626 6.3706772 6.3809870 7.2108610 
BRhit__Halohasta_salina__UniRef90_UPI002110EEC8                            3.6916531 3.4830629 3.0685891 3.5016250 1.1044819 1.0673528 3.4331060 3.1381442 3.5956826 3.6360645 1.0236357 3.3251162 3.7939783 3.5596824 1.1314583 0.3795755 0.4066611 0.2412946 0.3196264 0.2738580 0.0000000 0.2751047 0.6216125 0.8719071 0.7924351 0.9955098 1.0071529 0.9589677 1.0911595 2.8472075 2.9977681 2.9644821 2.9295747 2.8943850 3.6637295 2.7399997 2.9194957 3.0568644 3.0037597 1.0938369 1.1600443 3.0685891 5.0115905 5.8187649 5.9297392 5.2558539 5.7840026 5.8369262 4.9888985 5.6396401 5.2844962 5.2427206 5.6232829 5.9802794 5.8172223 5.0002462 5.0717964 5.2451572 5.1216540 4.9944906 5.8564192 5.7369507 5.6482929 6.0078810 7.2248256 4.8893981 6.2223248 5.9302038 6.4310148 5.0786487 6.2091584 6.0854296 6.8779476 5.5838007 5.4419508 8.0982276 7.5266053 7.8097893 7.9673504 7.6755751 7.6076371 7.0323668 7.6755751 7.7784846 7.9673504 
BRhit__Halobacterium_salinarum__UniRef90_UPI0000110B77                     3.2557899 2.7295853 2.4836829 2.6106097 1.0993258 1.0221227 2.6782913 2.4990618 2.6754633 2.7890583 1.0696519 2.5149934 2.9366704 2.6769193 0.9189840 0.0053928 0.0930671 0.1452864 0.1731208 0.1492970 0.2751047 0.0000000 0.6074883 0.6585470 0.7256229 0.9599737 0.8459368 0.8085397 0.9734902 2.4131023 2.5118344 2.6423755 2.7116180 2.4715480 3.3897151 2.3488368 2.8174409 2.7183483 3.1789682 1.1276780 1.2332531 2.4836829 5.1258093 4.7644659 4.7791043 4.7404673 5.2300697 4.9251618 4.7242493 4.9187594 4.2791816 4.4615689 5.1194817 4.8527791 4.7504966 4.1651425 5.1734787 4.6455268 4.3137644 4.7253284 4.8026038 4.8701394 4.9743369 5.2653047 5.6353673 4.4079398 5.1502433 5.1333927 5.3603422 4.3227395 4.8624807 4.9572860 5.6983865 4.5135878 4.3007363 6.8372520 6.4443487 6.3185316 6.6140886 5.8618453 5.8703188 5.2983513 5.8618453 5.9674882 6.6140886 
BRhit__Halobacteriales_archaeon_QS_8_69_26__UniRef90_A0A2R6JS63            4.1034161 4.0722873 3.4445695 3.6844105 1.5540734 1.1887026 4.0612065 3.2830583 4.1456867 3.8447558 1.3719206 3.8569826 4.3458104 3.7173612 1.2496994 0.7138911 0.7383561 0.7527793 0.6405064 0.6512163 0.6216125 0.6074883 0.0000000 0.7340738 0.7623402 1.0309293 1.1960826 1.0803412 1.2378940 3.1108969 3.2489680 3.4225676 3.4898786 3.1970268 4.4241247 3.2011976 3.6872297 3.3652652 3.6309825 1.4552487 1.5599405 3.4445695 5.0030137 4.9898830 5.0403272 4.8404528 5.1157474 4.9675965 4.4198658 4.9618038 4.7933702 5.1740700 5.3454508 5.4318933 5.3515540 4.8628368 5.1496653 4.9888532 4.5962972 5.0249335 5.9365845 5.7988478 5.6652898 6.1195280 6.1495166 4.9187560 6.3556335 6.0860614 5.8412826 5.2136100 5.8793133 5.9261170 6.1158737 5.8197040 5.8082431 7.6374364 7.1676390 7.6735248 7.4237918 7.2642889 7.3251816 6.7850744 7.2642889 7.7189141 7.4237918 
BRhit__Uncultured_archaeon__UniRef90_I1X958                                3.9675867 3.5955381 3.0973071 3.2802736 1.5155709 1.3427614 3.1877741 2.6842466 3.3001609 3.4884946 1.3384449 3.1387267 3.8386120 3.2854740 1.4052490 0.7683273 0.7549065 0.7916629 0.6924727 0.7705266 0.8719071 0.6585470 0.7340738 0.0000000 0.8240581 0.9291245 1.2456227 1.0475140 1.3442095 3.0181026 3.0599117 3.3385823 3.4060401 3.1041028 3.7360964 2.9974721 3.5553944 3.0396374 3.6207314 1.4310171 1.5475920 3.0973071 5.4356167 5.4207893 5.4575660 5.0942501 5.9029006 5.3104449 4.5499737 5.0646766 4.4746178 4.5523074 5.1394591 5.1274884 4.9186767 4.3894702 4.8636545 4.6265407 4.5054886 5.0768204 5.4060111 5.2521579 5.1995870 5.9768925 6.3197519 5.1031618 5.5465851 6.3068780 5.9161835 5.0531101 4.9298309 5.7980640 5.9733038 5.3759072 5.3447771 7.2768927 7.1827046 7.2270100 7.6073517 7.1168292 7.4458994 7.2369134 7.1168292 7.4965559 7.6073517 
BRhit__Halorientalis_regularis__UniRef90_A0A1G7RA78                        3.4910119 3.8243339 3.2184250 3.3535844 0.9355705 0.9489774 3.4474294 3.0456013 3.4699505 3.1761711 0.9434976 3.3047908 4.3629132 3.5050721 1.0170311 0.9001844 0.8782482 0.8728734 0.7922292 0.8397217 0.7924351 0.7256229 0.7623402 0.8240581 0.0000000 0.8664510 0.8899552 0.6472571 1.0052454 2.7498129 2.8455511 3.1379464 2.9692329 2.7958319 3.5829063 3.0239957 3.0039680 2.9025938 3.3735568 1.0519813 1.2178107 3.2184250 5.5325689 5.8965403 5.9477255 5.5975988 6.2562853 5.9404261 4.9612331 5.1849529 4.7884411 5.3783642 5.9728327 5.8512281 5.3915311 5.0474776 5.5122016 5.5421031 4.9051691 5.1350926 6.0589227 5.8259378 6.3191125 6.4173569 6.1740602 6.0196846 6.1583051 6.2858657 5.6871340 5.9252654 5.7514590 6.2621631 6.0395188 6.2034452 6.2034979 8.2285110 8.0599618 8.9882265 8.9999983 8.2412872 8.7740685 7.9657669 8.2412872 8.8040352 8.9999983 
BRhit__unclassified_Halobacteriales__UniRef90_A0A2R6LDY7                   3.8127673 3.5478479 3.2752030 3.3677394 1.4114281 0.9075018 3.6428131 3.4057350 3.6371942 3.7026333 1.2385207 3.4727435 3.7800942 3.7383770 0.9258088 0.9089513 0.8801385 0.9954893 0.9632388 0.8920440 0.9955098 0.9599737 1.0309293 0.9291245 0.8664510 0.0000000 0.7526805 0.7809878 0.8320910 2.3802054 2.4620136 2.8234061 2.7976052 2.5692901 3.2835615 2.9488601 2.6480311 2.6041089 2.7817318 1.3440313 1.4958881 3.2752030 6.2469019 6.5000809 6.5682125 6.0336981 6.5090577 6.4569026 5.9070881 6.4362189 6.0859100 6.3270539 5.8549616 6.4152812 6.5459269 5.6988756 5.5007288 6.0212759 5.3551432 5.6701695 6.1152407 6.0030080 6.7417551 7.3512007 6.6898558 5.2705334 6.4539881 7.4997151 6.7442771 6.1883006 5.9544039 6.4246620 6.4188392 6.7849370 6.6808967 7.2313757 6.9807902 7.5725024 7.2388582 8.4099054 7.4686268 7.1464421 8.4099054 7.6168444 7.2388582 
BRhit__uncultured_archaeon_A07HR67__UniRef90_V4ZQH6                        3.2569692 3.3206081 2.7743994 3.1610839 1.2312629 0.2510930 3.2637609 2.8083720 3.2539938 3.2615473 1.1283318 2.9349581 3.5766400 3.2002030 0.2569468 0.9725563 0.9820136 1.0678248 1.0100314 1.0262767 1.0071529 0.8459368 1.1960826 1.2456227 0.8899552 0.7526805 0.0000000 0.8473924 0.1454878 2.7231534 2.8396582 2.9278835 3.1841684 3.0335443 3.8727875 3.3165037 3.1507846 3.0713088 3.2886426 1.2579691 1.3868936 2.7743994 5.3080422 5.7411750 5.7436586 5.4265854 5.9958291 5.6813663 5.2479259 5.6706387 4.8551186 4.6904080 5.2664498 5.2979368 5.2152164 5.1541387 5.3158681 4.9609634 4.7060534 5.2555331 5.5177999 5.2369809 5.7713939 6.9594743 5.8831155 5.3158214 5.7429983 6.9751024 5.9447067 5.8843070 5.5641807 6.0718511 6.1357921 6.3159242 6.1595052 6.6372329 6.5383187 6.9292364 7.0512278 7.0626828 7.6950452 6.9090584 7.0626828 7.4884401 7.0512278 
BRhit__Halobaculum_sp_MBLA0143__UniRef90_UPI00352426DC                     3.3370792 2.9878156 3.1252566 3.2705458 1.0907862 0.8725658 3.2644492 2.7218016 3.2966054 3.1807734 1.0059232 3.1667369 3.6664562 3.2963942 0.8912536 0.9848849 0.9493016 1.0398260 0.9607352 0.9025356 0.9589677 0.8085397 1.0803412 1.0475140 0.6472571 0.7809878 0.8473924 0.0000000 0.8733815 2.4242948 2.5384351 2.8245084 2.6628710 2.6116159 2.9073814 2.6681604 2.5696590 2.7945216 2.8228188 1.1413487 1.2299195 3.1252566 4.8746718 5.3199403 5.0949074 5.1758430 5.0796277 5.0274412 4.7962476 5.0632968 4.8099326 5.2437370 5.1359060 5.3425401 5.3372252 4.8899988 5.0556544 5.4093580 4.8540746 5.1619475 5.3583493 5.1689587 6.1382001 6.1916059 5.8939965 5.2765667 5.3949773 6.1695512 5.4351586 5.1513468 5.0524241 5.8063843 5.9747450 5.8778240 5.5160778 7.1161178 6.0720967 7.4819117 7.1303538 7.2572852 7.5901895 6.7961294 7.2572852 7.7335723 7.1303538 
BRhit__Halorubrum__UniRef90_A0A4U7F7H9                                     3.1801356 3.1673461 2.7204626 3.0701281 1.2995659 0.2297494 3.3626036 2.6380800 3.3779174 3.4056139 1.1734684 2.9367298 3.4674721 3.1793872 0.2561502 1.0198814 0.9969715 1.0806981 1.1216493 1.0858968 1.0911595 0.9734902 1.2378940 1.3442095 1.0052454 0.8320910 0.1454878 0.8733815 0.0000000 2.6985894 2.7776040 2.7842648 3.2006171 2.8953084 3.8025583 3.2336684 3.2902165 2.9079417 3.4346617 1.3112543 1.4008562 2.7204626 6.0773590 6.7164661 6.7142004 6.1793194 6.8056972 6.4499571 6.0444549 6.5465815 5.6558339 5.1390684 6.0441449 5.9691138 6.0242052 5.4766939 5.8394147 5.3614235 5.2696452 5.8878017 6.2263475 5.8593110 6.0009111 7.2052720 6.6756809 5.5920735 6.3039520 7.3991574 6.6106488 6.4644697 6.0667251 6.4680366 6.6925983 7.1130436 7.0085740 6.9269330 6.9650111 6.8869813 7.0304672 7.1358225 7.9429103 6.9548849 7.1358225 7.5974425 7.0304672 
GCyR2hit__Nostocales__UniRef90_A0A252D874                                  2.9566185 2.4115018 1.9758360 2.2115872 2.5753538 2.5674761 2.4914457 2.2881114 2.4823521 2.3147987 2.2809682 2.2362045 2.7641768 2.2243192 2.7563575 2.9101459 2.8030277 2.9599409 2.8133148 2.7910117 2.8472075 2.4131023 3.1108969 3.0181026 2.7498129 2.3802054 2.7231534 2.4242948 2.6985894 0.0000000 0.1371599 0.3446417 0.5450318 0.7569364 0.7808345 0.7704858 0.9162269 1.1124925 0.8984959 1.9451199 1.9640892 1.9758360 6.0370995 5.4448281 5.6273882 5.5998280 6.1117358 5.3639172 5.4803493 6.1518759 5.3487385 5.5060576 5.5980460 5.0656230 5.1717276 5.1585875 6.2337038 5.7864085 5.0040924 6.2167167 7.0861621 7.1592165 6.4999539 6.7618562 6.6328523 6.3286197 5.6588638 7.2466088 5.7131358 5.8312384 6.2559970 6.8468180 6.5505253 5.9962753 5.6429601 7.2913738 7.0621564 6.6057703 7.1285251 6.3595017 6.6932961 6.5637212 6.3595017 7.0911785 7.1285251 
GCyR2hit__Tolypothrix_bouteillei_VB521301__UniRef90_A0A8S9SVI8             2.9781427 2.5384830 2.0255352 2.2412477 2.4793907 2.7164098 2.4368927 2.4233388 2.4550591 2.4118640 2.2724453 2.2602039 2.9654653 2.2909657 2.8598433 2.9716232 2.9442207 3.1337488 2.9518626 2.9305110 2.9977681 2.5118344 3.2489680 3.0599117 2.8455511 2.4620136 2.8396582 2.5384351 2.7776040 0.1371599 0.0000000 0.3439858 0.5041243 0.7678408 0.7975571 0.7759161 0.9381895 1.0693011 0.9230371 1.9234709 2.0197869 2.0255352 6.8572863 6.1218961 6.4004946 6.3573422 7.0117697 6.0925286 6.3335558 6.9994212 6.3370419 6.4264387 6.0402663 5.7978467 5.9410943 5.8267270 7.3009433 6.5998749 5.7184759 7.0766050 8.0751853 8.1956828 7.1412701 7.0698064 6.6473424 7.3782118 6.2337885 7.6801021 6.1677099 6.4466635 6.5856171 7.4786654 6.6006411 6.6448383 6.3425173 7.7125614 7.8606585 7.1445780 7.4268635 7.2535743 7.2346025 7.1058381 7.2535743 7.6705813 7.4268635 
GCyR2hit__Nostoc_sp__UniRef90_UPI002FFB8FFD                                2.8090739 2.6315336 2.1483655 2.3818016 2.7428689 2.7753375 2.6672648 2.4226955 2.6794564 2.3997531 2.5900804 2.4876733 3.1629538 2.2682196 2.9717572 3.1439709 3.0270172 3.2480770 3.0426393 3.1349648 2.9644821 2.6423755 3.4225676 3.3385823 3.1379464 2.8234061 2.9278835 2.8245084 2.7842648 0.3446417 0.3439858 0.0000000 0.5466368 0.8029357 0.7526295 0.6805478 0.8898965 1.1126482 0.8976240 2.0929992 2.1683231 2.1483655 7.1884920 6.4796126 6.6945480 6.9375089 7.1066097 6.3679652 6.5990592 6.8309956 6.2510655 6.3721544 6.3247743 5.9443103 5.9857447 5.8104296 6.8576370 6.3966891 5.4926381 7.0997886 7.9986734 7.8037300 7.4818448 6.9487134 7.5331213 8.0157926 6.5952022 7.3482359 6.8084640 6.7984395 7.0271092 8.1138369 7.5455272 7.0485983 6.7227574 7.7896666 7.2005323 7.0025400 7.6805166 6.8471916 7.2290904 6.7141395 6.8471916 7.8043611 7.6805166 
GCyR2hit__Tolypothrix_sp_NIES_4075__UniRef90_A0A218QMM7                    2.9743871 2.7225291 2.3329865 2.5546839 2.7168020 3.0375475 2.6741357 2.5457822 2.5613440 2.3615301 2.8331103 2.5172444 3.1192012 2.4742095 3.2893310 3.1261672 2.9540364 3.0366450 2.8525964 3.0211079 2.9295747 2.7116180 3.4898786 3.4060401 2.9692329 2.7976052 3.1841684 2.6628710 3.2006171 0.5450318 0.5041243 0.5466368 0.0000000 0.9578628 0.6354103 0.9007075 0.7609827 0.9481404 0.8360840 2.4051432 2.5514922 2.3329865 6.3156260 6.7143424 7.0211318 6.4828927 7.1934142 6.8018053 6.7573191 7.4857026 6.8053776 6.0962782 6.1229780 5.7320391 5.6407422 6.4798313 7.0647639 6.7754753 5.9658345 7.7159818 8.3932458 8.5809545 7.8846565 7.3176025 7.8604307 8.1620398 6.6756191 7.9303034 7.2946186 7.0239977 7.1139275 8.9999988 8.0805889 6.9503063 6.9216117 8.6724714 8.8082151 8.4834950 8.4645642 8.4964264 7.8135928 7.8289250 8.4964264 8.8594088 8.4645642 
GCyR2hit__Pleurocapsa_sp_FMAR1__UniRef90_UPI0029C671DC                     2.7926209 2.5218181 2.4757129 2.4805785 2.3307165 2.9520679 2.4362299 2.3500540 2.4882857 2.2025738 2.1766199 2.3579821 3.2604323 2.3877667 3.0398289 2.9150917 2.7619785 2.9250284 2.7545737 2.8351000 2.8943850 2.4715480 3.1970268 3.1041028 2.7958319 2.5692901 3.0335443 2.6116159 2.8953084 0.7569364 0.7678408 0.8029357 0.9578628 0.0000000 1.2587200 0.9155195 1.2823702 1.1290924 1.2028334 1.9115314 1.9322778 2.4757129 6.3883922 5.9287210 6.2341005 5.7667018 6.3510260 5.8969987 6.0314081 5.9838002 5.3928754 6.2557906 6.2529130 5.2774721 5.5596069 5.6822804 6.3672654 6.1053637 5.2990291 6.7025552 7.0027751 6.8058622 6.8902452 6.6433073 6.4730361 6.8925531 5.8069079 7.3886453 5.9263140 6.3952026 6.1518627 6.4962144 5.9443906 6.7170466 6.1643279 6.5675414 6.4696318 6.7489126 6.5491372 6.3015117 6.7329502 6.6546869 6.3015117 6.9103492 6.5491372 
GCyR2hit__Nostocaceae_cyanobacterium__UniRef90_A0A838VMV4                  3.0957070 2.8345823 2.5987729 2.7009507 2.8778164 3.5467814 3.1010012 2.8542569 3.2385500 2.8084404 2.7320118 2.7780066 3.4343621 2.6482782 4.0101085 3.8258846 3.5913054 3.8287530 3.7373852 3.8201801 3.6637295 3.3897151 4.4241247 3.7360964 3.5829063 3.2835615 3.8727875 2.9073814 3.8025583 0.7808345 0.7975571 0.7526295 0.6354103 1.2587200 0.0000000 1.1139356 1.2213060 1.1514201 1.2186243 2.5852716 2.7857307 2.5987729 7.4063143 7.4991641 7.7203394 7.2326510 7.7468276 7.2449460 7.8221656 7.8391280 7.1467392 6.6983577 7.1958245 6.1343331 6.1590661 6.0479225 6.7403791 6.8112631 6.1916753 7.3729094 8.1660178 8.3753233 8.9999987 7.4841633 8.2035620 8.5962643 6.5458591 7.6826002 8.2634610 7.6592865 7.3252868 8.9999985 7.9030227 7.7256847 7.2871138 8.9999983 8.9999990 8.7745159 8.9999989 8.6487679 7.8445122 7.7802093 8.6487679 8.9999984 8.9999989 
GCyR2hit__Phormidesmis_priestleyi__UniRef90_UPI0009442622                  3.0208622 2.7647362 2.3811569 2.4536873 2.4255652 3.1251836 2.5284492 2.3982730 2.5875193 2.5670595 2.2733224 2.5162112 3.0779270 2.3635533 3.0098487 2.7872858 2.7156355 2.8321084 2.5206128 2.7060651 2.7399997 2.3488368 3.2011976 2.9974721 3.0239957 2.9488601 3.3165037 2.6681604 3.2336684 0.7704858 0.7759161 0.6805478 0.9007075 0.9155195 1.1139356 0.0000000 1.1865635 1.2709145 1.1328117 2.0267285 2.1567704 2.3811569 6.6586602 6.3749922 6.7063235 6.1757461 7.2219611 6.4507655 6.2505884 6.8631362 6.1224430 5.9089979 6.0973210 5.1707413 5.1000238 5.8804245 6.6851505 6.0613294 5.3885772 6.3669832 7.7913025 7.1755998 7.0439348 7.1366652 6.9025771 6.8941349 5.7598794 7.6646248 5.7533061 6.2436261 6.1597969 6.6828861 7.1578435 6.3123470 6.5755864 8.1352823 7.4335030 7.5447245 7.5783708 7.2311827 7.3292420 7.3972755 7.2311827 7.6679086 7.5783708 
GCyR2hit__Pseudanabaenaceae_cyanobacterium_LEGE_13415__UniRef90_A0A928V9X3 2.9282386 2.8460058 2.6072390 2.6470321 2.7862785 3.0853031 2.8074374 2.6611557 2.6818151 2.7103090 2.7519037 2.6068958 3.4739481 2.6229446 3.2816916 3.2121529 3.0834757 3.3952494 3.3396140 3.2004997 2.9194957 2.8174409 3.6872297 3.5553944 3.0039680 2.6480311 3.1507846 2.5696590 3.2902165 0.9162269 0.9381895 0.8898965 0.7609827 1.2823702 1.2213060 1.1865635 0.0000000 1.3239827 0.1852935 2.3688537 2.5181453 2.6072390 5.2622154 5.6866274 5.9406581 5.5094284 5.8133510 5.6414640 5.5026721 6.7506289 5.8785451 5.5596757 5.8486960 5.3427997 5.4577960 5.3608661 6.2575803 5.4739870 5.2057196 6.0678384 7.0361082 7.2216564 7.2575717 6.3326085 6.5841762 6.7837630 5.2953243 6.7240305 6.6578875 5.5092889 5.7467824 6.7808313 6.8087327 5.8207877 5.5054449 7.5846216 7.7087573 7.2096189 7.4339996 7.7005197 7.1529676 7.0375882 7.7005197 7.2493010 7.4339996 
GCyR2hit__Cyanobacteria_bacterium_QH_9_48_43__UniRef90_A0A2T2RN81          2.5320435 2.5861152 2.2167720 2.4973724 2.5159890 2.8851477 2.5713253 2.4645907 2.5116073 2.4290906 2.4715031 2.5493514 3.0741748 2.5241534 3.1395486 2.8570469 2.7203439 2.8291221 2.7809983 2.8042410 3.0568644 2.7183483 3.3652652 3.0396374 2.9025938 2.6041089 3.0713088 2.7945216 2.9079417 1.1124925 1.0693011 1.1126482 0.9481404 1.1290924 1.1514201 1.2709145 1.3239827 0.0000000 1.1641104 2.0267158 2.0513581 2.2167720 6.5322902 6.4944566 6.4250353 6.4991214 6.5841797 6.1510292 6.2421200 6.3171860 5.8346880 5.7475393 6.4735745 5.7180302 5.9497380 6.2381278 6.7300222 6.0246721 5.9531256 7.1073372 8.0815798 8.3680447 7.9068329 7.7875762 8.1740659 7.9707643 7.0877765 8.2829402 8.0201914 6.6031540 7.4305372 8.0899221 8.2209425 6.5943829 6.7980632 8.9999984 8.7728717 8.2013823 8.9999990 8.5293167 8.4093783 8.0528321 8.5293167 8.9999983 8.9999990 
GCyR2hit__Pseudanabaenaceae_cyanobacterium_LEGE_13415__UniRef90_A0A928YZN9 2.5724843 2.8714109 2.8021534 2.6841107 2.7848378 3.2878244 2.9964879 2.7544867 2.9254689 2.8479106 2.7409952 2.7850088 3.5762757 2.7996229 3.8103864 3.1890442 3.0909380 3.4086520 3.2057068 3.2595641 3.0037597 3.1789682 3.6309825 3.6207314 3.3735568 2.7817318 3.2886426 2.8228188 3.4346617 0.8984959 0.9230371 0.8976240 0.8360840 1.2028334 1.2186243 1.1328117 0.1852935 1.1641104 0.0000000 2.4246901 2.4933886 2.8021534 5.5259618 5.1581905 5.5693395 5.1672508 5.6329313 4.8729208 5.0586040 5.7520333 5.1210382 5.6278743 5.8049603 5.3894131 5.6593734 5.3543009 5.8339891 5.6495381 5.2676914 6.1816224 6.4471667 6.4199136 7.5761555 7.0778493 6.9687632 6.5417426 6.0617597 6.8640717 6.8198175 5.8751194 6.4199448 6.7868578 6.9434230 6.0020818 5.7871046 8.4527728 8.9203620 7.5744381 8.0660319 8.9999987 8.5679731 8.1884724 8.9999987 8.3484929 8.0660319 
GCyR2hit__Halegenticoccus_tardaugens__UniRef90_UPI00100C2973               2.9804067 3.0834726 2.5254519 2.6408524 0.6233206 1.2459654 2.6701663 2.7906395 2.7617963 2.6491189 0.7553504 2.8201208 2.9099878 2.6365501 1.4221913 1.2698481 1.2898771 1.2614719 1.2795425 1.2619251 1.0938369 1.1276780 1.4552487 1.4310171 1.0519813 1.3440313 1.2579691 1.1413487 1.3112543 1.9451199 1.9234709 2.0929992 2.4051432 1.9115314 2.5852716 2.0267285 2.3688537 2.0267158 2.4246901 0.0000000 0.2400666 2.5254519 5.1042482 5.5159557 5.5853707 5.6679673 5.4188362 5.2409769 5.0665486 5.6544661 4.8949269 4.9199200 5.4359104 5.2185438 5.3980676 4.9316836 5.2882996 5.0533148 4.4806005 5.3417681 6.2426797 5.9873480 5.7646313 5.9627532 6.3849395 5.9168384 5.5890752 6.0225598 5.7042917 5.2606934 6.0691710 5.7892672 6.4004296 5.6003924 5.6763396 7.6587183 7.2539484 7.5874661 7.5147277 7.4910568 7.3639169 7.5180357 7.4910568 7.7547485 7.5147277 
GCyR2hit__Haloferax_mucosum_ATCC_BAA_1512__UniRef90_M0IDG5                 3.1370135 3.2126861 2.7874772 2.8923612 0.6968988 1.3851711 2.9345873 3.0600065 3.0078779 2.8814690 0.7709990 2.9495105 3.0323941 3.0410812 1.5078007 1.4204467 1.4104917 1.3377387 1.3541429 1.3731811 1.1600443 1.2332531 1.5599405 1.5475920 1.2178107 1.4958881 1.3868936 1.2299195 1.4008562 1.9640892 2.0197869 2.1683231 2.5514922 1.9322778 2.7857307 2.1567704 2.5181453 2.0513581 2.4933886 0.2400666 0.0000000 2.7874772 5.9958814 6.5653365 6.1816752 6.4442504 6.1143394 6.0488701 5.7462472 6.1408494 5.3418127 5.7322464 6.3518317 5.7227290 5.8217478 5.5562535 6.2359952 5.7438842 5.2955495 5.7307619 6.8713976 6.5097660 6.2538295 6.9842708 8.1934149 6.5525573 7.4598401 7.2044290 7.1249586 6.0534645 6.8514189 6.9507276 8.3939261 6.1991289 6.4650587 8.1062837 8.0298027 7.9283723 8.1148091 7.9929525 8.2159687 8.2516117 7.9929525 8.5614956 8.1148091 
GCyR2hit__Leptolyngbya_sp_FACHB_261__UniRef90_A0A926UF78                   2.5332867 0.8497949 0.0000010 0.5038353 2.9897615 2.8586205 0.9204099 0.5962646 0.9869972 0.6984048 2.7869437 0.6230616 1.1487743 0.5620967 2.9077937 2.9283729 2.8073155 3.0365484 2.9929388 3.0345022 3.0685891 2.4836829 3.4445695 3.0973071 3.2184250 3.2752030 2.7743994 3.1252566 2.7204626 1.9758360 2.0255352 2.1483655 2.3329865 2.4757129 2.5987729 2.3811569 2.6072390 2.2167720 2.8021534 2.5254519 2.7874772 0.0000000 6.2026988 6.3256212 5.8364341 6.2345396 6.0467735 6.1966387 6.0372939 5.8606098 5.5876587 6.0127266 6.2385296 5.6546052 5.5188549 5.6241252 6.2785652 6.0577141 5.8222311 6.5193192 6.5853490 6.6664699 6.3957543 7.8732822 7.2077458 7.2366659 6.6288717 8.1292037 7.7001579 6.5207805 6.6885087 7.6086436 7.0627152 6.5990586 6.7042491 6.8467278 6.5998914 6.3744284 6.3813065 6.6634160 6.3417961 6.1447640 6.6634160 6.8123458 6.3813065 
GRhit__Gloeobacter_violaceus__UniRef90_Q7NP59                              6.7545378 5.4825829 6.2026988 5.5672127 5.5462577 5.6613151 6.0132423 5.4177575 6.0636198 5.1739070 5.6403834 5.3819089 6.6335040 5.8767344 6.0734540 5.7414679 5.6123830 5.9323108 5.9096934 5.5828190 5.0115905 5.1258093 5.0030137 5.4356167 5.5325689 6.2469019 5.3080422 4.8746718 6.0773590 6.0370995 6.8572863 7.1884920 6.3156260 6.3883922 7.4063143 6.6586602 5.2622154 6.5322902 5.5259618 5.1042482 5.9958814 6.2026988 0.0000000 0.4373748 0.4295187 0.4219695 0.4796413 0.5154627 0.4900746 0.5732798 0.4345059 0.6870944 0.6788521 0.8092737 0.7665967 0.6405718 0.8227466 0.7941468 0.7466368 0.8638819 0.9839196 0.9996619 0.8221546 0.9370839 0.9016575 1.0089125 0.9844243 1.0194729 0.9880687 1.2192442 0.9931826 1.0482039 0.9616264 1.1423239 1.2091751 3.2886418 3.0877714 3.5184966 3.4543365 3.7671442 3.7865922 3.5512679 3.7671442 3.8444047 3.4543365 
