182
YCyR2hit__Nodosilinea_nodulosa__UniRef90_A0AAJ6N6B2                        0.0000000 2.2014938 2.3183809 2.4133873 2.5712321 2.6927462 2.5357855 2.3977393 2.4400482 2.4836721 2.5072750 2.5330888 2.6766922 2.5752264 2.7438136 3.5955615 3.6553117 3.4882397 3.5223321 3.4876959 3.2553930 2.9965364 3.6442783 3.5331471 3.2870284 3.3161090 2.8311303 2.9907643 2.7731163 2.8620207 2.8775082 2.7252539 2.8147595 2.6017699 2.9373881 2.8578552 2.8418290 2.3294413 2.4236993 2.7957210 2.9075221 2.3183809 5.6303037 6.2688680 6.0859532 6.2278890 5.6184577 5.7451464 6.0902570 6.4261193 6.0136254 6.3010055 6.9279359 6.2313388 6.5714074 5.4276860 7.2263287 6.0419178 6.2848760 6.5124876 7.2058082 6.8850054 7.5393006 7.2338613 6.5861640 6.4170545 7.0614249 7.5982190 6.8122513 6.7230195 6.7800795 8.2301058 6.6356402 7.1826768 6.9915355 6.2447644 6.3067925 6.8461412 6.7604683 6.9309379 7.7942789 6.8514176 7.8836523 5.7179717 6.5593086 7.3588961 6.2367758 6.8321736 6.3530371 6.7313583 5.6303037 4.9465443 2.7735830 3.6264277 3.7969631 2.5357855 3.8223829 3.9642283 3.6187718 3.6201949 0.0000010 3.6178836 6.9594983 3.6548554 2.6458407 5.7451464 2.6970717 2.8578552 4.0080032 2.8085791 2.6766922 3.4829365 2.9311823 7.2263287 2.3368054 2.3333794 2.3603826 2.3091330 2.3294413 2.3928703 2.3802251 2.3595696 7.8430826 2.5636085 3.8733696 7.5387906 2.8027275 0.9433322 2.8348322 0.9753290 3.3361569 2.3977393 2.5433036 2.4953043 2.6002077 3.5676488 4.0993694 4.0993694 2.6645446 3.4823379 2.6651928 3.4823379 2.6651928 3.4823379 4.0496816 2.6651928 8.9999982 4.0643350 3.7300905 8.9999990 3.6930052 8.9999990 3.4878936 3.6464489 2.5565744 3.1916249 3.4096274 2.5641937 3.4096274 2.5641937 2.5689099 2.8775082 3.5319290 2.4938102 2.4839579 2.5775337 2.5493999 4.1260821 3.4349437 3.3901265 2.8147595 2.6613305 2.6752109 2.9075196 2.5752264 2.5429502 2.8620207 2.5429502 2.8620207 3.6667150 3.5894827 3.8341669 
YCyR2hit__Pseudanabaena_sp_FACHB_2040__UniRef90_A0A926ZYX4                 2.2014938 0.0000000 0.8048123 0.6797442 3.0141576 2.8415027 1.2291129 0.7295575 1.1125308 0.8680094 3.1812337 0.6729988 1.1777080 0.7329856 2.9044424 3.1326838 3.0334386 3.0830863 3.0980663 3.1918279 3.1435843 2.4616138 3.6134120 3.2136456 3.4420306 3.2402192 3.0387039 2.7667834 2.8929951 2.2100747 2.3235838 2.3909700 2.4188017 2.3253004 2.5959174 2.5158516 2.5907942 2.3641086 2.5854379 2.7600235 2.8850637 0.8048123 5.2173626 5.3887341 5.2585040 5.2472484 5.1472005 5.7142188 5.5320049 5.5885727 5.2983273 5.6809679 6.3562379 6.0696239 6.3053392 5.4208546 6.2007136 5.5291997 5.9908774 5.6550659 5.6899022 5.9251863 5.7597031 6.0902616 6.2457571 5.9291898 5.2764573 6.0843666 6.9108783 5.2375949 4.6343526 6.0033034 6.3020741 5.5012138 5.5339374 5.5829872 5.3248659 5.6432830 6.0646111 5.7648830 5.7479601 5.6294540 5.7669215 5.8070738 5.6114433 5.6599558 5.5297129 6.4883007 6.0493449 5.7466932 5.2173626 4.3965630 1.2082790 3.4532126 3.5627506 1.2291129 3.1548632 3.5534655 3.0421369 3.0205949 2.2014938 2.8080474 5.9248108 3.0248868 0.9509662 5.7142188 0.9439923 2.5158516 3.4215369 1.1641063 1.1777080 2.9189978 0.9273794 6.2007136 2.3878480 2.3653236 2.3960477 2.3847553 2.3641086 2.4019488 2.4027018 2.4236490 5.8896924 1.1882997 3.2881148 6.1667229 2.4509417 2.6950447 2.5275978 2.7031076 3.2643765 0.7295575 0.8705932 0.8201211 1.1311496 3.2672166 2.8947850 2.8947850 1.0902055 3.1444777 1.0894103 3.1444777 1.0894103 3.1444777 2.7831835 1.0894103 6.1124236 3.1678184 3.2591955 6.2132023 3.0230090 6.2406343 3.0485070 3.0822846 0.8665419 2.9909740 3.0969274 0.8044453 3.0969274 0.8044453 0.6677174 2.3235838 2.6953532 0.6428714 0.6391425 0.6224967 0.6490016 3.9108510 3.1366313 3.2781854 2.4188017 0.6904175 0.7452287 2.3013853 0.7329856 0.7292187 2.2100747 0.7292187 2.2100747 3.0694134 3.1892028 3.1451098 
YCyR2hit__Leptolyngbya_sp_FACHB_261__UniRef90_A0A926UF78                   2.3183809 0.8048123 0.0000000 0.4903374 2.6908061 2.6243573 0.8677039 0.5836579 0.9312672 0.6730994 2.5345892 0.5905884 1.0794461 0.5334176 2.6412365 2.6843393 2.5798055 2.7725179 2.7366152 2.7743697 2.7934023 2.2583909 3.1126115 2.8199260 2.9351450 3.0155682 2.5431173 2.8724448 2.5002265 1.8263281 1.8657165 1.9701584 2.0160164 2.2769090 2.3872073 2.2061292 2.3862878 2.0276297 2.5476710 2.3000879 2.5314922 0.0000010 5.3630426 5.5372864 5.2649568 5.4423142 5.1820792 5.5614148 5.2672118 5.2976500 4.8997616 5.1999636 5.4273336 4.8820807 4.8945486 4.9343603 5.4705546 5.1834501 5.2114345 5.5440964 5.4316375 5.5585197 5.3678792 6.1202237 5.7265291 6.0228989 5.6898983 6.4137352 6.3380601 5.6450521 5.2372300 6.1931115 5.8805258 5.8886090 5.9699662 5.4962467 5.3449057 5.2936837 5.3344224 5.3125807 5.1070171 5.0464767 5.4882668 5.2779678 5.2741958 5.5529495 5.3789737 5.4000673 5.4971440 5.3489088 5.3630426 4.2285118 1.1248716 3.1206576 3.0258117 0.8677039 2.8559733 3.1557730 2.8673289 2.9367398 2.3183809 2.7932346 6.1336119 2.8385275 0.7952244 5.5614148 0.7893584 2.2061292 3.0112424 1.0950018 1.0794461 2.7448339 0.7879407 5.4705546 2.0484363 2.0315227 1.9923049 2.0100561 2.0276297 1.9971417 1.9977756 1.9804150 6.3969725 1.0474872 3.0411803 5.4413739 2.3456030 3.0192195 2.2073854 2.7455138 3.0387885 0.5836579 0.6772949 0.6244178 0.8982811 3.0531419 3.0033982 3.0033982 0.8715009 3.0649045 0.8587946 3.0649045 0.8587946 3.0649045 2.8965343 0.8587946 6.6281732 3.1377656 3.0467502 6.8244453 3.1242263 6.7526726 3.0846317 3.0060202 0.6680934 2.7113045 2.7707785 0.7100155 2.7707785 0.7100155 0.5132675 1.8657165 2.3895717 0.5301494 0.5031499 0.5463782 0.5388877 3.0413300 2.8788343 2.9531663 2.0160164 0.5487117 0.5939432 1.8424432 0.5334176 0.5389978 1.8263281 0.5389978 1.8263281 2.7502563 2.7459515 2.7719286 
YCyR2hit__Hassalia_byssoidea_VB512170__UniRef90_A0A846HFU5                 2.4133873 0.6797442 0.4903374 0.0000000 2.8031174 2.8315904 0.8191010 0.4769912 0.8304357 0.5771180 2.9610899 0.5584571 1.0117022 0.3337602 2.7347461 2.9135576 2.8679668 3.0822871 3.0274173 3.0102238 3.1842745 2.3708245 3.3075806 2.9586693 3.0369306 3.1478246 2.9224944 3.0109109 2.8136649 2.0815556 2.1181715 2.2236441 2.2930187 2.3530311 2.5295932 2.3593619 2.4944284 2.2846825 2.4383942 2.3862794 2.6303230 0.4903374 5.3615589 5.6621391 5.6896023 5.5388322 5.3994571 5.6046613 5.2328608 5.4620565 4.8806827 5.4623049 5.6142779 5.0242235 5.4243048 4.9979269 5.6559582 5.0806411 4.9302772 5.2865764 5.2381596 5.4946693 5.0831380 5.5700274 6.3395239 5.7313009 5.2016753 5.8615856 6.0417623 5.3613548 4.9428429 5.9679179 6.4163999 5.6992797 5.7767099 5.8622596 5.6853357 5.8714012 6.0936040 5.7791820 5.6448506 5.5240401 5.6190587 5.6002090 5.8285235 5.6374543 5.6430861 6.0736228 5.9428019 5.7508953 5.3615589 4.7387079 1.0782622 3.0617345 2.9925540 0.8191010 3.1838469 3.3063698 3.1924085 3.0847909 2.4133873 2.8924633 6.2284849 3.1771923 0.6981149 5.6046613 0.7225842 2.3593619 2.9232285 0.9751283 1.0117022 3.0377502 0.5671817 5.6559582 2.3076796 2.2904242 2.2766609 2.2655593 2.2846825 2.3020249 2.2829367 2.2638267 6.3208266 1.0778930 3.1712878 5.6198447 2.5581962 2.7458625 2.3743977 2.7523198 3.0411524 0.4769912 0.5205020 0.4870171 0.6976341 2.8835742 3.1202519 3.1202519 0.6669857 2.8342882 0.6567167 2.8342882 0.6567167 2.8342882 2.9969735 0.6567167 6.2449979 3.1120766 3.0242985 6.3408654 2.8496900 6.2756450 2.8559320 2.9420571 0.4757330 2.7914116 2.9549676 0.4917557 2.9549676 0.4917557 0.2894516 2.1181715 2.9041571 0.2760989 0.2958753 0.3215494 0.3082252 3.4146116 2.8608907 2.8158406 2.2930187 0.3314806 0.3605406 2.1245477 0.3337602 0.3370323 2.0815556 0.3370323 2.0815556 3.0563536 2.8754797 2.9333272 
YCyR2hit__Halorientalis__UniRef90_A0A1G7PUC9                               2.5712321 3.0141576 2.6908061 2.8031174 0.0000000 1.2215599 2.4238306 2.4974119 2.4670999 2.6680225 0.2289389 2.6702835 2.6795062 2.8684672 1.2486203 1.2375629 1.2208050 1.2307478 1.2329407 1.2251415 1.0524435 1.0467461 1.4953150 1.4633240 0.9153194 1.3449029 1.1550487 1.0327866 1.2180857 2.3399675 2.2560941 2.4972273 2.4303589 2.1478361 2.6216472 2.1715462 2.5461523 2.3120291 2.4800215 0.6154403 0.6737217 2.6908061 4.7729310 5.3571083 5.3189180 5.1042813 5.4215619 5.4580987 4.8386996 5.2334158 4.6629297 4.5288641 5.1966541 5.0392580 5.0678627 4.3080596 5.1013152 4.8129721 4.8942624 5.3443723 6.2699116 5.8454976 5.7932363 5.2922248 5.2134377 5.7566759 6.1378014 5.6507915 4.8568386 5.1880630 5.3475694 5.3265841 5.6451708 5.4381067 5.5313821 6.9170944 6.6442000 6.7119598 6.7231811 6.9238975 7.0471233 6.9029183 7.0589877 6.1850999 6.7186622 6.7091836 6.5409257 6.9685022 6.8501137 6.0894130 4.7729310 5.6587447 3.2588869 3.4878195 3.4911187 2.4238306 3.4639995 4.0203851 3.1682808 3.1020169 2.5712321 3.0846625 6.9696611 3.1822108 2.7593967 5.3747054 2.6832512 2.1715462 3.6750399 2.7690107 2.6795062 2.9356384 2.5579307 5.1013152 2.3347068 2.2969171 2.2957624 2.3050616 2.3120291 2.2819020 2.3019526 2.2950096 7.3545346 3.1639998 3.2798751 6.9340349 2.7052481 2.7971795 2.6594061 2.9315335 3.5936403 2.4974119 2.5303610 2.5114373 3.2969586 3.4573660 3.0234657 3.0234657 3.3587340 3.3591689 3.3797322 3.3591689 3.3797322 3.3591689 3.0572464 3.3797322 6.9967213 3.8357879 3.7551360 7.2963966 3.6441861 7.3365067 3.6096464 3.7066557 2.9248615 3.1509116 3.2099305 2.8712252 3.2099305 2.8712252 2.7504295 2.2560941 2.6289902 2.7639752 2.6284467 2.6917504 2.6851531 3.5985204 3.4216817 3.4069620 2.4303589 3.0057449 2.9026095 2.3769041 2.8684672 2.8956550 2.3399675 2.8956550 2.3399675 3.1261717 3.3880739 3.4566185 
YCyR2hit__UnknownTaxon__UniRef90_P29563                                    2.6927462 2.8415027 2.6243573 2.8315904 1.2215599 0.0000000 2.9463845 2.6250263 3.1422793 3.1318816 1.0545733 2.6975003 3.2385351 2.9522328 0.2490315 1.0708426 1.0617315 1.0778319 1.0164674 1.0006348 0.9832333 0.9537733 1.1245428 1.2577812 0.8942475 0.8786800 0.2410767 0.8512496 0.2210476 2.3058335 2.4393661 2.5605558 2.6096087 2.6216499 3.1941057 2.7606533 2.8152181 2.6552032 2.8603123 1.1707603 1.2958806 2.6243573 4.4930229 5.1540427 5.1095998 4.8442602 4.9419861 5.1768227 4.6843577 4.8144203 4.4772401 4.3018894 4.6021840 4.8341592 4.9511925 4.4075131 4.5932353 4.2837208 4.3894176 4.8033681 4.9396097 4.7953297 5.0731809 5.2633956 4.9797375 4.7462931 4.9735316 5.6435848 5.2251372 5.3038306 4.4461439 4.8058610 5.2528199 5.5001748 5.4766589 5.5204411 5.5205770 5.2494396 5.3999311 5.5569738 6.0025148 5.6672816 5.9160051 4.7507945 5.6228256 5.7574269 5.0368416 5.0289978 5.2944027 5.2169575 4.4930229 4.7987081 3.7915124 3.4614993 3.5151743 2.9463845 3.4005982 3.7791324 3.0442699 3.3322657 2.6028447 3.2003159 6.8899361 3.1632160 3.1908162 5.1768227 3.0437538 2.7606533 3.5509719 3.2037625 3.2385351 2.8989357 2.5681483 4.5932353 2.6815335 2.6594529 2.6916981 2.6494162 2.6552032 2.6595456 2.6992439 2.6933241 7.2855577 3.0903640 3.1821743 7.3835202 2.8881092 3.0156826 2.8848606 3.6096231 3.2191994 2.6250263 2.6954414 2.7613889 3.3826408 3.4062179 2.9911098 2.9911098 3.4181149 3.2929524 3.4402578 3.2929524 3.4402578 3.2929524 3.0035681 3.4402578 7.1822262 3.3902717 3.5712685 7.4000337 3.5748856 7.2840419 3.4733915 3.4958728 2.8141617 3.2527285 3.2007148 2.7826256 3.2007148 2.7826256 2.8827316 2.4393661 2.5668226 2.8058681 2.7345720 2.7159341 2.7362634 3.6394126 3.4500756 3.4937665 2.6096087 2.9653567 2.9462835 2.3295269 2.9522328 2.8885807 2.3058335 2.8885807 2.3058335 3.1726064 3.4541866 3.5269878 
YCyR2hit__Leptolyngbya_ohadii__UniRef90_UPI000B5A185C                      2.5357855 1.2291129 0.8677039 0.8191010 2.4238306 2.9463845 0.0000000 0.8513163 0.1221053 0.9379255 2.4145110 0.9250783 0.9748850 0.9556932 2.8854510 3.0500850 3.0403814 3.0961186 3.0296746 3.1510818 3.1001347 2.4215638 3.6600771 2.8863728 3.1565755 3.3576654 2.9850946 2.9797579 3.0795025 2.3021090 2.2449671 2.4490224 2.3754113 2.2615624 2.8438432 2.3544871 2.5595949 2.3404336 2.7062104 2.4211172 2.6532261 0.8677039 5.2561276 5.7364818 5.6877448 5.5551633 5.6071145 5.9380521 5.4477827 5.4309075 5.1125670 5.1960751 5.2653911 4.6163032 4.8850908 4.6378896 5.0744774 4.8638841 4.8640141 5.7937745 5.4057849 5.6799793 5.4427471 5.5988161 5.5727561 5.3402994 5.5108054 6.0734778 5.9299576 5.4076791 5.6476606 6.1484964 5.7039523 5.4663505 5.4476385 5.6329066 5.4825315 5.6508867 5.8223922 5.5091597 5.0688040 5.1694572 5.4272915 5.5487179 5.7678412 5.3142823 5.4390848 6.0345383 5.8814651 5.3367103 5.2561276 5.7450880 1.0575012 3.6623198 3.6049506 0.0000010 3.4586036 3.4528276 3.5576368 3.1591447 2.5357855 3.2874852 6.4170526 3.3890485 0.7677972 5.9380521 0.8495119 2.3544871 3.5196988 1.0016226 0.9748850 3.5872390 0.9155717 5.0744774 2.3480461 2.3245125 2.2990938 2.3323327 2.3404336 2.3553615 2.3055205 2.2975633 6.9227859 1.3731166 3.4119593 5.7968093 2.5754430 2.6798419 2.5366594 2.6960238 3.5085675 0.8513163 0.9299738 0.8977316 1.2337657 3.4032488 3.7504152 3.7504152 1.2386345 3.3198968 1.2219847 3.3198968 1.2219847 3.3198968 3.5473240 1.2219847 6.7191036 3.5602627 3.4657195 6.7874517 3.3933780 6.7191300 3.3427057 3.3944810 1.0070776 3.0630625 3.1942737 1.0562839 3.1942737 1.0562839 0.9838770 2.2449671 2.9774343 0.8697776 0.9434784 0.9070252 0.9273679 3.7221219 3.4428506 3.3764965 2.3754113 0.8834931 0.9111021 2.3724638 0.9556932 0.9424623 2.3021090 0.9424623 2.3021090 3.2727247 3.1401401 3.1952667 
YCyR2hit__Aliterella_atlantica_CENA595__UniRef90_A0A0D8ZW42                2.3977393 0.7295575 0.5836579 0.4769912 2.4974119 2.6250263 0.8513163 0.0000000 0.8601022 0.6013745 2.3089733 0.5940104 1.0300411 0.4808125 2.4011990 2.6744509 2.6425306 2.9090691 2.6949033 2.7142964 2.7487048 2.2736657 2.9995389 2.4307544 2.7274546 3.1619240 2.6138221 2.4713119 2.5107809 2.1091900 2.2379380 2.2240932 2.2641676 2.1755560 2.6482554 2.2010966 2.4347223 2.3004686 2.4785368 2.5430342 2.6391049 0.5836579 4.9021628 4.6464610 4.6456982 4.5498894 4.6752092 4.8120946 4.4995287 4.5881023 4.4201271 4.6946499 4.8785979 4.1776045 4.6132764 4.2209958 4.8777957 4.4436367 4.5067982 4.9057171 5.0586816 4.9944999 4.7964462 4.9591755 5.1939340 4.5949323 4.4997048 5.1949738 5.3936151 4.3883447 3.9296021 4.6032000 5.1807685 4.8065704 4.5935296 4.9232858 4.8273363 5.0093459 5.2039900 4.8479542 5.1480486 4.8397877 5.0105226 4.5860240 4.8678532 4.7966200 4.6380350 5.0552194 4.7580886 4.7948065 4.9021628 4.7820136 1.1994568 3.3658365 3.4204977 0.8513163 3.2136232 3.4597258 2.8793874 3.1272130 2.3977393 3.0540240 5.3198096 2.9723695 0.7023124 4.8120946 0.7554940 2.2010966 3.3028315 1.0206175 1.0300411 3.1669256 0.6252585 4.8777957 2.3236982 2.3016985 2.2905077 2.3207446 2.3004686 2.2961271 2.2968495 2.3171024 5.4869032 1.0368152 3.2328581 5.1341552 2.6106313 3.1419596 2.4326433 2.8413262 3.1164850 0.0000010 0.1610515 0.1553694 0.7803793 3.0088246 3.1411376 3.1411376 0.7370108 2.9982376 0.7258779 2.9982376 0.7258779 2.9982376 2.9872029 0.7258779 5.5862600 3.2733724 3.2072475 5.6732103 3.1087481 5.6156039 3.0115198 3.0756972 0.6346281 2.7893046 2.8804355 0.6254143 2.8804355 0.6254143 0.5241834 2.2379380 2.7691694 0.4661094 0.4687069 0.4732041 0.4741833 3.2614140 2.9642325 2.9557647 2.2641676 0.5015463 0.5294484 2.1966589 0.4808125 0.4856568 2.1091900 0.4856568 2.1091900 3.0619562 2.9333655 2.9816705 
YCyR2hit__Cyanobacteriota__UniRef90_A0A926PVG5                             2.4400482 1.1125308 0.9312672 0.8304357 2.4670999 3.1422793 0.1221053 0.8601022 0.0000000 0.9560794 2.5657832 0.8811827 0.8835565 0.9576412 2.9418156 3.0298981 3.0578556 2.9638983 3.0292760 3.0696065 3.2284483 2.4349496 3.7192363 2.9846848 3.1800087 3.3531133 2.9668008 3.0159342 3.0757794 2.2999519 2.2653814 2.4684670 2.2734537 2.3126603 2.9811391 2.4193549 2.4479507 2.2951632 2.6383272 2.5077278 2.7317493 0.9312672 5.6282293 5.7069221 5.7117714 5.6528151 5.6566531 5.8947321 5.5074003 5.4445292 5.1029095 5.0821121 5.6220539 4.9295448 5.1417495 4.7835062 5.1368492 5.0681212 5.0750341 5.8581708 5.4909334 5.6204156 5.5449733 6.2475806 5.6377833 5.5691893 5.9343344 6.3857249 6.1764606 5.5085538 5.4156969 6.2517560 5.6979426 5.6954065 5.7508875 5.9904248 6.0711217 6.2678040 6.3525205 6.0667452 5.6078044 5.7017718 5.9972887 5.7368029 6.0744546 5.8146594 6.1163702 6.6039453 6.2967252 5.7931290 5.6282293 5.7782925 1.1149205 3.5741650 3.5309503 0.1221053 3.4500202 3.2313612 3.5934131 3.0968614 2.4400482 3.2278808 6.8403648 3.2938341 0.7466964 5.8947321 0.7797391 2.4193549 3.3971024 0.9371499 0.8835565 3.4196756 0.9326484 5.1368492 2.3025667 2.2941240 2.2549353 2.2892081 2.2951632 2.2967765 2.2354221 2.2296396 7.1492723 1.3036600 3.3784624 6.2097250 2.5322384 2.4573961 2.5549165 2.4792609 3.5192158 0.8601022 1.0000006 0.9221855 1.2197207 3.3086536 3.5478289 3.5478289 1.2395048 3.2215354 1.2229600 3.2215354 1.2229600 3.2215354 3.3648754 1.2229600 6.9651907 3.4460571 3.4700710 7.0350471 3.3194189 7.0490952 3.3362945 3.3953468 1.1373626 3.0247891 3.1542261 1.1307294 3.1542261 1.1307294 1.0144245 2.2653814 2.9842157 0.9057386 0.9811656 0.9019725 0.9131899 3.6007973 3.3594933 3.3164950 2.2734537 0.9331426 0.9474591 2.3731307 0.9576412 0.9444710 2.2999519 0.9444710 2.2999519 3.2143768 3.1168996 3.2237667 
YCyR2hit__Microcoleus_sp_FACHB_1515__UniRef90_A0A926U182                   2.4836721 0.8680094 0.6730994 0.5771180 2.6680225 3.1318816 0.9379255 0.6013745 0.9560794 0.0000000 2.7383757 0.5948381 1.1400964 0.5647350 3.0247816 2.9833054 2.9221793 2.9992304 2.9995988 3.0485485 3.2929452 2.5154927 3.5894206 3.2111612 2.8405845 3.3180289 2.9209020 2.8739120 3.1051617 2.1647430 2.2353463 2.2179075 2.1554275 2.0467544 2.6042838 2.4115475 2.4882109 2.2288373 2.5652039 2.4011573 2.5241313 0.6730994 4.5969950 4.8860858 4.7238748 4.7655380 4.5043056 4.8076087 4.8424848 4.9103310 4.6529462 4.9018010 4.8627519 4.2160639 4.5825140 4.5246126 4.7119737 4.9104503 4.4431960 4.8743383 4.7130363 4.7833826 4.7086699 5.2009155 5.6079422 5.6551089 5.2032939 5.6462739 5.8875928 5.2174687 4.7409897 5.2367806 5.4123569 5.6163574 5.3553051 5.9170529 5.5954129 5.6789245 6.0588283 5.6935824 5.5194724 5.4814586 5.6567784 5.7355253 5.7241480 6.0580579 5.6379975 5.9604451 5.9343314 5.7967370 4.5969950 5.1066556 1.0185315 3.3126037 3.3190696 0.9379255 3.3066112 3.2943287 3.2076693 3.2079370 2.4836721 3.1100465 6.5555781 3.3752565 0.7627357 4.8076087 0.8295609 2.4115475 3.2409492 1.0802433 1.1400964 3.1769628 0.6326199 4.7119737 2.2512405 2.2278858 2.2229038 2.2484729 2.2288373 2.2283071 2.2290046 2.2486684 6.0801988 1.2348198 3.2587902 5.6979747 2.4461149 3.2410110 2.2872489 2.8037227 3.2041595 0.6013745 0.6339718 0.6128268 0.9579475 2.9774165 3.1866388 3.1866388 0.9477825 2.9654363 0.9342689 2.9654363 0.9342689 2.9654363 2.9930392 0.9342689 6.4329332 3.1979704 3.1602100 6.6194023 2.9249515 6.5509386 3.0850162 3.2064067 0.6727711 2.8536157 2.9385863 0.7255027 2.9385863 0.7255027 0.5668064 2.2353463 3.1643025 0.5505605 0.5668570 0.5762342 0.5838414 3.3330137 3.0137128 2.8854685 2.1554275 0.5918230 0.5971932 2.2384370 0.5647350 0.5704436 2.1647430 0.5704436 2.1647430 3.1292384 2.9695680 3.0453614 
YCyR2hit__Halorientalis_marina__UniRef90_UPI001FF6C9D7                     2.5072750 3.1812337 2.5345892 2.9610899 0.2289389 1.0545733 2.4145110 2.3089733 2.5657832 2.7383757 0.0000000 2.7235379 2.5786779 2.9873941 1.1463135 1.1560542 1.1548296 1.1454310 1.0951388 1.1489665 0.9537252 1.0071851 1.2985013 1.2730676 0.9036721 1.1816458 1.0663555 0.9499614 1.1074899 2.0478441 2.0442104 2.2969753 2.4693651 1.9857967 2.4471734 1.9901353 2.4445486 2.2975859 2.4703473 0.7303585 0.7372352 2.5345892 4.7801526 4.9748744 4.8260771 4.5869704 4.9053294 5.1095267 4.5456507 5.0408672 4.1828722 4.4226913 4.9807596 4.6142343 4.5978131 4.0201663 4.9431837 4.7441233 4.7953944 4.8009724 5.8960225 5.7075999 5.4685840 5.0208107 5.0701587 5.2305792 5.5148652 5.4795019 4.7985936 4.9045581 4.8158750 5.0029688 5.3443855 5.3352164 4.9143393 6.5771944 6.9193876 6.2660991 6.4702559 6.6428064 6.9985713 6.5656368 6.9114190 6.1215247 6.6706651 6.6726745 6.2688884 6.6977753 6.5108602 5.6022921 4.7801526 5.1425133 3.0415273 3.6829127 3.7897738 2.4145110 3.6089859 3.9842739 3.2190082 3.2554981 2.5072750 3.3722070 6.3438005 3.2977215 2.4506418 5.0356269 2.4800721 1.9901353 3.8200434 2.6701875 2.5786779 3.1991285 2.4937476 4.9431837 2.3205942 2.2822747 2.3283364 2.2905319 2.2975859 2.3139836 2.3347499 2.3275418 6.5424025 3.0481651 3.6047120 5.8428296 2.4542382 2.5672152 2.4233611 2.8259431 3.6450601 2.3089733 2.3654903 2.4266581 3.1480636 3.4768689 3.2889004 3.2889004 3.2210076 3.3003369 3.2411555 3.3003369 3.2411555 3.3003369 3.3247853 3.2411555 6.6041198 3.8542242 3.8030408 6.8999146 4.0682387 6.9328838 3.7896556 3.9365048 2.7774621 3.4091650 3.3916176 2.6499845 3.3916176 2.6499845 2.6386978 2.0442104 2.7908101 2.7834885 2.6417871 2.6414772 2.5926478 3.9573279 3.4738947 3.5754115 2.4693651 3.0233297 2.9166032 2.0823178 2.9873941 3.0163764 2.0478441 3.0163764 2.0478441 3.3269354 3.5557279 3.6555929 
YCyR2hit__unclassified_Leptolyngbya__UniRef90_UPI0016884D19                2.5330888 0.6729988 0.5905884 0.5584571 2.6702835 2.6975003 0.9250783 0.5940104 0.8811827 0.5948381 2.7235379 0.0000000 1.1167231 0.5636926 2.6422349 2.7717463 2.6072749 2.9006040 2.9475220 2.8382887 3.0306108 2.2774130 3.4744622 2.8444839 3.0141240 3.1784491 2.6933356 2.9283294 2.6970447 2.0686114 2.0843027 2.2832393 2.2285857 2.1681008 2.5478329 2.3325822 2.3786299 2.3261984 2.5252189 2.5611710 2.6686078 0.5905884 5.1698130 5.0122541 4.9922907 5.0626750 4.8412928 5.0663303 5.0986949 5.3590801 4.9307553 4.8830857 5.0864597 4.5928983 5.0517333 4.3278720 5.5137386 4.8767880 4.7535643 5.3447819 5.1486468 5.3480735 4.6025957 4.9751874 5.4822666 5.2354110 5.1226027 5.3406669 6.0417285 5.2050276 4.4513808 5.1877434 5.5630603 5.4451485 5.4340868 5.7784928 5.6844736 5.7559077 5.9587114 5.9527246 5.8120421 5.8113290 5.7009106 5.6237073 5.6476177 6.0452257 5.6381775 6.3902811 5.9230580 5.9012535 5.1698130 4.7184273 0.8850964 3.5265648 3.5536870 0.9250783 3.0044826 3.2448758 2.8520989 2.9592032 2.5330888 2.7692392 5.7085707 2.9097007 0.7037747 5.0663303 0.7148885 2.3325822 3.3038054 1.1184941 1.1167231 2.8109623 0.5812266 5.5137386 2.3497136 2.3274262 2.2979130 2.3466937 2.3261984 2.3403059 2.3042901 2.3246346 5.8758824 1.2037023 3.2900826 5.7493046 2.5753655 2.5835461 2.5643982 2.6502755 3.0250950 0.5940104 0.6989084 0.6607609 0.9461801 2.9560743 2.8833600 2.8833600 0.9037182 2.9599779 0.8910184 2.9599779 0.8910184 2.9599779 2.7135485 0.8910184 5.7141469 3.1869999 3.0904462 5.7778453 2.9780986 5.7855931 3.0135330 2.9959753 0.6840267 2.7897013 2.8767440 0.6740871 2.8767440 0.6740871 0.5891867 2.0843027 2.6791725 0.5228281 0.5552473 0.5697906 0.5754823 3.5316120 2.9572342 2.8892755 2.2285857 0.5201461 0.5549534 2.1002094 0.5636926 0.5693125 2.0686114 0.5693125 2.0686114 2.9748734 3.0880050 3.0211370 
YCyR2hit__Leptolyngbya_sp_NIES_2104__UniRef90_A0A0P4V0S4                   2.6766922 1.1777080 1.0794461 1.0117022 2.6795062 3.2385351 0.9748850 1.0300411 0.8835565 1.1400964 2.5786779 1.1167231 0.0000000 1.2147887 3.0779162 3.1779074 3.0684413 3.1735085 3.3673497 3.1882758 3.2878163 2.6032134 3.7444968 3.3206733 3.7922721 3.3404181 3.1477782 3.2491783 3.1269840 2.5280256 2.7058118 2.8773478 2.7485675 2.9134556 3.0257572 2.7695037 3.1437422 2.8037742 3.1780868 2.5290024 2.6405452 1.0794461 5.9218225 5.8504408 5.7042073 5.6491032 5.6576695 5.8063545 5.5800053 5.8637888 5.5116241 5.6382222 5.6386379 5.6026678 5.5700580 5.7041687 5.6937283 6.1721528 5.6399703 6.3903805 6.1090992 6.5395938 6.6287111 6.3556713 6.7856090 6.5387617 5.6228139 6.6633876 7.0511783 6.0568201 5.4732700 6.4175290 6.7727826 6.5304169 6.2902392 6.5845902 6.1614155 6.1229662 6.2502951 5.9506673 5.9539885 5.5827098 6.0664852 6.1117034 6.5561140 6.3149371 6.0927837 6.7108427 6.3753847 5.8554814 5.9218225 5.5106922 1.2057686 3.9404227 4.2256808 0.9748850 4.1319310 4.1051703 3.5586839 3.5886593 2.6766922 3.5546750 6.6456284 3.7472523 0.8333215 5.6666467 0.8587513 2.7695037 4.2907337 0.1335214 0.0000010 3.9796500 0.9284845 5.6937283 2.8315056 2.8115279 2.7914643 2.7910792 2.8037742 2.8592067 2.7985734 2.7859064 6.1495308 1.4265285 3.5880289 6.3255738 3.0339612 3.5741460 3.0235308 2.9311521 3.7479757 1.0300411 1.1042012 1.0402100 1.3023845 3.6898190 3.8354253 3.8354253 1.2780287 3.8186387 1.2829385 3.8186387 1.2829385 3.8186387 3.9236651 1.2829385 6.8045614 4.1394931 3.9741889 6.9749377 3.8074417 6.8187494 3.8008847 3.7652184 1.2648163 3.6413150 3.6380921 1.2664905 3.6380921 1.2664905 1.2004083 2.7058118 3.1406245 1.1363597 1.1510182 1.1857048 1.1776755 4.0630739 3.6366332 3.8515724 2.7485675 1.1201178 1.1926162 2.5413570 1.2147887 1.1819506 2.5280256 1.1819506 2.5280256 4.0047070 3.6561236 3.7225734 
YCyR2hit__unclassified_Nostoc__UniRef90_A0A252DUV9                         2.5752264 0.7329856 0.5334176 0.3337602 2.8684672 2.9522328 0.9556932 0.4808125 0.9576412 0.5647350 2.9873941 0.5636926 1.2147887 0.0000000 2.8783472 3.0369656 2.9177794 3.1664093 3.1343368 3.1611510 3.2342957 2.4335143 3.3843336 2.9852260 3.2157466 3.4595617 2.9572919 3.0557164 2.9267611 2.0582507 2.1062888 2.0817444 2.1550105 2.1965611 2.4289343 2.2025557 2.4029338 2.2876633 2.5244394 2.4019261 2.7669893 0.5334176 5.3653806 5.4526926 5.3267618 5.5210326 5.2296368 5.5102252 5.3468131 5.6159321 5.0196389 5.1320245 5.3748181 4.7947444 5.1038787 4.9383943 5.6887727 4.8037767 4.9720562 5.3876175 5.3683467 5.3957166 5.1019706 5.0352201 5.6327317 5.7656121 5.0400724 5.2794062 5.7215171 5.2967572 4.4322031 5.3618799 5.6450060 5.3923969 5.6020865 5.9718278 5.8305123 5.9590297 6.2724700 5.8678339 5.9120867 5.5391807 5.7657546 5.5318675 5.6984864 5.6445441 5.4163781 5.8427875 5.7874955 5.7293695 5.3653806 4.7842567 1.1036816 3.3505912 3.4302832 0.9556932 3.0872359 3.5459089 3.1058820 3.2000201 2.5752264 2.9923150 5.8888994 3.1805411 0.7490932 5.5102252 0.7213980 2.2025557 3.2282138 1.0756614 1.2147887 2.8262889 0.6097557 5.6887727 2.3108371 2.2916995 2.2840326 2.3079053 2.2876633 2.2896553 2.2903785 2.3106633 6.2649621 1.1440818 3.3226386 5.7212264 2.4115647 3.2934834 2.2453068 3.1429183 3.2959028 0.4808125 0.5467309 0.5295722 0.7407524 3.1888261 2.9689593 2.9689593 0.7072508 3.2504384 0.6964137 3.2504384 0.6964137 3.2504384 2.8788616 0.6964137 6.2841220 3.3450907 3.2930839 6.3794440 3.1477036 6.3144940 3.2287042 3.2251346 0.3678051 2.8233525 2.8986554 0.3890932 2.8986554 0.3890932 0.2248413 2.1062888 2.8061042 0.1778186 0.1876207 0.1824119 0.1908077 3.7314308 3.1350433 3.1262387 2.1550105 0.1932880 0.2082357 2.1204922 0.0000010 0.0087549 2.0582507 0.0087549 2.0582507 2.9852298 2.9752028 3.0383240 
YCyR2hit__Natronomonas_moolapensis__UniRef90_M1Y5I7                        2.7438136 2.9044424 2.6412365 2.7347461 1.2486203 0.2490315 2.8854510 2.4011990 2.9418156 3.0247816 1.1463135 2.6422349 3.0779162 2.8783472 0.0000000 1.1085243 1.1537705 1.1335935 1.0390352 1.0443404 1.0499935 0.8622309 1.1827020 1.3164137 0.9594941 0.8977255 0.2468295 0.8567566 0.2462436 2.5233218 2.6155865 2.7387667 2.9233351 2.7547099 3.6104901 2.6697677 3.0007785 2.8781855 3.3790240 1.3344497 1.4126245 2.6412365 5.1251814 5.5508915 5.6653296 5.3725677 5.3219644 5.4734951 5.0092300 5.4056436 4.8284322 4.5604962 4.9946579 4.7525605 5.0217119 4.5044586 4.6880758 4.5476065 4.6223277 4.9132650 5.1820663 4.9958440 4.9255235 5.3781684 5.0631256 4.5983791 5.1598177 5.8292252 5.2057749 5.1560808 4.4653374 4.9241624 5.5309250 5.5918002 5.3140728 5.6802967 5.4939070 5.3599158 5.3907678 5.6485440 5.9505763 5.5235583 5.8485925 4.7251584 5.8581832 6.0140619 5.2534933 5.1046371 5.3207316 5.3276495 5.1251814 4.9782565 3.7137121 3.6427293 3.6992982 2.8854510 3.3736901 3.9787319 3.0736126 3.2418038 2.6973241 3.2964626 6.8564433 3.1633978 3.0593438 5.4734951 2.9072923 2.6697677 3.8712208 3.1473056 3.0779162 2.9936683 2.4937340 4.6880758 2.9064960 2.8825954 2.9183519 2.8718084 2.8781855 2.8833018 2.9265823 2.9200543 7.1564716 2.8777455 3.0559248 7.4917305 2.7682642 3.0537218 2.8402277 3.7027226 3.3569974 2.4011990 2.4922100 2.4610429 3.2685259 3.4839845 3.0078043 3.0078043 3.3133778 3.3949530 3.3345465 3.3949530 3.3345465 3.3949530 3.0200955 3.3345465 7.2524790 3.5767936 3.7134098 7.3976083 3.7829953 7.4776001 3.7046359 3.7254514 2.7218580 3.3041063 3.3256220 2.6796457 3.3256220 2.6796457 2.8417863 2.6155865 2.9054492 2.6523779 2.7369734 2.6725503 2.6745813 3.7843481 3.5636405 3.5648013 2.9233351 2.9094285 2.8801161 2.5136980 2.8783472 2.7894222 2.5233218 2.7894222 2.5233218 3.2769856 3.4540947 3.5261339 
BRhit__Halobacterium__UniRef90_P02945                                      3.5955615 3.1326838 2.6843393 2.9135576 1.2375629 1.0708426 3.0500850 2.6744509 3.0298981 2.9833054 1.1560542 2.7717463 3.1779074 3.0369656 1.1085243 0.0000000 0.0841582 0.2116217 0.2451539 0.2032109 0.3636876 0.0052124 0.6680438 0.7468213 0.8753712 0.8630965 0.9193352 0.8762443 0.9697777 2.6842726 2.7374972 2.9030741 2.8662779 2.6758573 3.3975512 2.5553639 2.9453605 2.6040542 2.8694703 1.1960156 1.3288454 2.6843393 5.1235125 5.4446926 5.3678534 5.0017379 5.2538876 5.1396634 4.5690074 5.1874576 4.5518989 4.3691831 4.6620523 4.5471815 4.6808624 4.0756549 4.5056420 4.3370233 4.2085350 4.8065592 5.0282211 5.1033687 4.5612981 4.6911613 4.9719993 4.2358923 5.0845339 4.8879527 5.1081452 4.6690295 4.3956434 4.8405475 5.1303002 5.1613462 4.9445432 5.6970516 5.4910846 5.2823674 5.7078314 5.2417181 4.9503348 4.8432998 5.1765901 5.5490915 5.0700081 5.2400354 5.4480399 5.3295833 5.5227949 5.2032478 5.1235125 5.2602230 3.8438113 4.0418841 4.1546100 3.0500850 4.4558401 4.1991599 4.0661207 3.9524659 3.5232336 4.2028450 5.7273785 4.2030824 3.1851771 5.1371434 2.9780063 2.5553639 3.9443781 3.2549177 3.1779074 3.6578938 2.6031465 4.5056420 2.6296474 2.6082228 2.5859725 2.5903936 2.6040542 2.5530128 2.5931103 2.5794894 6.0292186 3.1270396 4.7898695 5.8272050 3.0974616 3.2018928 3.1677528 3.9648506 4.1619569 2.6744509 2.7553319 2.7286271 3.0201789 4.2086150 3.4240059 3.4240059 3.0704334 4.2595259 3.0890430 4.2595259 3.0890430 4.2595259 3.4091129 3.0890430 5.7389727 4.4070035 4.4697924 5.8814461 4.2768126 5.9324212 4.2648000 4.4296956 3.1743603 4.4736015 4.4775656 3.0848754 4.4775656 3.0848754 3.0071820 2.7374972 2.9448722 2.9045017 2.9643340 2.9331475 2.8713314 4.2618798 4.2140480 4.2394858 2.8662779 3.2847817 3.2885934 2.7588751 3.0369656 3.0671191 2.6842726 3.0671191 2.6842726 4.3722545 4.6217483 4.6900090 
BRhit__Halobacterium__UniRef90_UPI001F011AB0                               3.6553117 3.0334386 2.5798055 2.8679668 1.2208050 1.0617315 3.0403814 2.6425306 3.0578556 2.9221793 1.1548296 2.6072749 3.0684413 2.9177794 1.1537705 0.0841582 0.0000000 0.2041887 0.2571465 0.1780784 0.3896413 0.0895047 0.6910818 0.7343777 0.8546562 0.8359678 0.9281010 0.8441401 0.9483432 2.5870792 2.7149924 2.8028431 2.7503037 2.5420009 3.1930961 2.4986492 2.8270425 2.4814607 2.7880445 1.2144037 1.3190034 2.5798055 4.9708044 5.1916364 5.1580819 4.7741609 5.2172302 5.0016234 4.3392185 4.9678832 4.4980896 4.3728072 4.6776145 4.2865181 4.4981900 4.1190489 4.2540738 4.2672360 4.0608634 4.6420211 5.0388441 4.9265115 4.5013421 4.7216688 5.1325831 4.1822322 5.0309595 4.8423934 5.1073687 4.6336962 4.3867201 4.8210412 5.1680084 5.0140850 4.8958598 5.8610865 5.3816932 5.2462272 5.9287228 5.2677558 5.0701624 4.9289076 5.1964019 5.5942672 5.1561567 5.2749750 5.3715241 5.0957250 5.5180241 5.1636935 4.9708044 5.1691271 3.5066512 4.0658652 4.1832617 3.0403814 4.5133492 4.0336733 4.0148318 3.8785949 3.6021103 3.8874692 5.6846425 4.0666833 2.9261535 5.0009531 2.7764210 2.4986492 3.8441035 3.1916931 3.0684413 3.6819967 2.6062339 4.2540738 2.5059009 2.4855371 2.4640951 2.4685120 2.4814607 2.4328800 2.4708523 2.4579408 5.8806958 3.0574499 4.6228105 5.9681415 3.2332035 3.2538429 3.3072821 3.9335472 4.0056831 2.6425306 2.6401419 2.6011199 2.9282742 4.1972118 3.3049405 3.3049405 2.9768953 4.2207132 2.9946838 4.2207132 2.9946838 4.2207132 3.2914390 2.9946838 5.7516141 4.2129330 4.2623684 5.8954936 4.1530408 5.9470740 4.2789082 4.2582265 3.1929393 4.3855784 4.3187009 3.0537654 4.3187009 3.0537654 2.8394446 2.7149924 2.8165122 2.8520935 2.8511512 2.8139245 2.7651967 4.1390766 4.1742870 4.1997959 2.7503037 3.1168108 3.2055845 2.6736476 2.9177794 2.9470299 2.5870792 2.9470299 2.5870792 4.2577696 4.5008088 4.5651133 
BRhit__Haloplanus__UniRef90_A0A6B9F3P5                                     3.4882397 3.0830863 2.7725179 3.0822871 1.2307478 1.0778319 3.0961186 2.9090691 2.9638983 2.9992304 1.1454310 2.9006040 3.1735085 3.1664093 1.1335935 0.2116217 0.2041887 0.0000000 0.1699915 0.1668708 0.2319550 0.1392386 0.7114393 0.7550678 0.8327178 0.9355795 0.9868500 0.9456022 1.0017493 2.7130559 2.8726124 2.9824471 2.8265080 2.6540363 3.4474130 2.6349595 3.1081833 2.5694352 3.0453899 1.1838653 1.2541289 2.7725179 5.0207497 5.1709613 5.1894300 4.7632707 5.0387734 5.0821722 4.5224976 4.7865938 4.8963730 4.4564656 4.5570598 4.5707978 4.6752993 4.3973787 4.2627614 4.7262677 4.2471301 5.1434738 5.2431755 5.1492422 4.7983837 5.2393650 5.4429051 4.2110447 5.3813007 5.3615915 5.3032671 5.0089520 4.7088286 4.7746108 5.5923793 5.2544948 5.1266558 6.2763264 5.8442768 5.7460006 6.3684868 5.7658014 5.7516448 5.5743954 5.8136624 5.3616979 5.5629953 5.7903088 5.9743159 5.3488171 5.6586101 5.3584698 5.0207497 5.4165987 3.8153989 3.9546400 4.0675061 3.0961186 4.5634166 4.2127576 4.0478130 3.8945234 3.4175817 4.0408686 6.1608105 4.0499580 3.1170156 5.0821722 2.9586705 2.6349595 3.8943723 3.3410800 3.1735085 3.5527327 2.7028375 4.2627614 2.5946996 2.5735770 2.5515574 2.5559764 2.5694352 2.5190912 2.5585873 2.5451669 5.8516217 3.2063219 4.5537820 6.2648460 3.4409862 3.4443969 3.6023174 3.9655652 4.2346463 2.9090691 2.9553394 2.8375862 3.1468508 4.1184351 3.4830476 3.4830476 3.2339120 4.0966875 3.2542400 4.0966875 3.2542400 4.0966875 3.4675811 3.2542400 6.1937270 4.4073077 4.3696673 6.3158921 4.3689655 6.5665561 4.3290093 4.4796931 3.2809633 4.2947204 4.2744064 3.2296968 4.2744064 3.2296968 3.0542181 2.8726124 2.9578829 2.9616611 3.1123766 3.0620686 3.0595873 4.0365125 4.1633014 4.1960518 2.8265080 3.4491965 3.4451483 2.7850933 3.1664093 3.1984777 2.7130559 3.1984777 2.7130559 4.3487239 4.4719213 4.6088132 
BRhit__Haloplanus_natans__UniRef90_UPI000A5CE34D                           3.5223321 3.0980663 2.7366152 3.0274173 1.2329407 1.0164674 3.0296746 2.6949033 3.0292760 2.9995988 1.0951388 2.9475220 3.3673497 3.1343368 1.0390352 0.2451539 0.2571465 0.1699915 0.0000000 0.1737224 0.3068160 0.1656910 0.6056693 0.6616870 0.7569786 0.9064876 0.9340105 0.8424094 1.0398136 2.5910508 2.7157682 2.8082182 2.6607133 2.5143342 3.3903363 2.3602963 3.0717970 2.5417948 2.8772995 1.2020980 1.2704068 2.7366152 5.0191775 5.1089393 5.1224612 4.7231940 4.9210535 4.8526590 4.2436220 4.8325636 4.6743927 4.4919091 4.5918749 4.4587186 4.4383594 4.2207779 4.2424690 4.6627255 3.9567904 5.0706169 5.1734506 5.0059799 4.8424296 5.0090200 5.2782593 4.4324062 5.2333583 5.2018224 5.3918610 4.9147803 4.5407160 4.9669245 5.5701595 5.3404017 5.0096822 5.9637948 5.6151609 5.2987502 5.9363757 5.4290250 5.4213915 4.9428479 5.4239363 5.6313860 5.2139634 5.3947856 5.5631951 5.2970877 5.8093204 5.0637509 5.0191775 5.6338187 3.8872906 3.8264523 3.9333509 3.0296746 4.3797562 4.0180694 3.8816530 3.8640945 3.4502188 4.0902009 6.1575047 4.2011191 2.9472965 4.8526590 2.8421466 2.3602963 3.7826462 3.5282145 3.3673497 3.6757952 2.8632156 4.2424690 2.5669257 2.5459365 2.5239886 2.5284291 2.5417948 2.4917538 2.5309680 2.5176402 6.2161414 3.0317204 4.5131734 6.1557386 3.1443038 3.3649644 3.1802066 3.9134906 4.3106469 2.6949033 2.7211234 2.7171831 3.1283375 4.0348009 3.3379599 3.3379599 3.1810878 4.0135296 3.2009217 4.0135296 3.2009217 4.0135296 3.3240407 3.2009217 5.7543247 4.2596451 4.3175177 5.9781624 4.2952972 6.1112327 4.4917249 4.3076471 3.1408975 4.0957604 4.1094257 2.9772502 4.1094257 2.9772502 2.8907874 2.7157682 3.1723494 2.9684619 3.0099201 3.0111325 3.0066582 4.0928662 4.0133569 4.0665643 2.6607133 3.2852392 3.2891451 2.6999012 3.1343368 3.1159620 2.5910508 3.1159620 2.5910508 4.2567498 4.2822361 4.3968386 
BRhit__Halobaculum_rubrum__UniRef90_UPI001CA389E1                          3.4876959 3.1918279 2.7743697 3.0102238 1.2251415 1.0006348 3.1510818 2.7142964 3.0696065 3.0485485 1.1489665 2.8382887 3.1882758 3.1611510 1.0443404 0.2032109 0.1780784 0.1668708 0.1737224 0.0000000 0.2627511 0.1428540 0.6152742 0.7345543 0.8007966 0.8392668 0.9466934 0.8171221 1.0052441 2.5729056 2.7096876 2.9031607 2.8286109 2.5795713 3.4729982 2.5291604 2.9430522 2.5547661 2.9265698 1.1844980 1.2848922 2.7743697 4.9098083 5.0358444 5.0087218 4.7183503 4.9955928 4.9676487 4.2808834 4.7911056 4.5687937 4.3456414 4.8100174 4.4030051 4.5354876 4.0931652 4.2926810 4.4063901 4.1324877 4.8204257 4.8797784 4.7986626 4.5417451 4.7499097 5.3250691 4.0835173 5.0590702 4.9635897 5.1119007 4.7107044 4.4709963 4.4299853 5.4435825 5.3620090 4.9137846 5.6955615 5.2308313 4.9911038 5.3868182 4.8867520 4.9352692 4.6645726 4.7954658 5.4042461 4.8621528 5.0540308 5.1760142 5.1348082 5.5323885 4.8446746 4.9098083 5.3620028 3.8441587 3.8934755 4.0497836 3.1510818 4.4687159 4.0247342 3.7159157 3.6872374 3.4168640 3.9256822 5.8769262 4.0483002 3.0314801 4.9676487 2.8833493 2.5291604 3.8331105 3.3642350 3.1882758 3.5601554 2.8014583 4.2926810 2.5798952 2.5588973 2.5369713 2.5274570 2.5547661 2.5047076 2.5439568 2.5166963 6.3630728 3.0955768 4.3695504 6.1645845 3.3937248 3.3238321 3.4959061 3.8810964 3.9357553 2.7142964 2.7290105 2.6602514 3.2251283 4.0824403 3.4436158 3.4436158 3.2807088 4.0976312 3.3014706 4.0976312 3.3014706 4.0976312 3.4285400 3.3014706 5.8354485 4.2754827 4.2012755 5.9612737 4.1719080 5.9462037 4.0638391 4.3547252 3.2090657 4.2245020 4.2374772 3.1528510 4.2374772 3.1528510 3.0680655 2.7096876 2.9069125 2.9463565 2.9913091 3.0094165 3.0074424 4.1430418 4.1280719 4.2175166 2.8286109 3.3599559 3.3555239 2.6415276 3.1611510 3.1429062 2.5729056 3.1429062 2.5729056 4.1812857 4.4603558 4.5484420 
BRhit__Halohasta_salina__UniRef90_UPI002110EEC8                            3.2553930 3.1435843 2.7934023 3.1842745 1.0524435 0.9832333 3.1001347 2.7487048 3.2284483 3.2929452 0.9537252 3.0306108 3.2878163 3.2342957 1.0499935 0.3636876 0.3896413 0.2319550 0.3068160 0.2627511 0.0000000 0.2612768 0.5872396 0.8317828 0.7561095 0.9366405 0.9329282 0.8609447 1.0115558 2.6116701 2.7482794 2.6753207 2.7066090 2.6299981 3.2513118 2.4207858 2.6919867 2.7657424 2.6940293 1.0323499 1.0928820 2.7934023 4.8518439 5.1968552 5.1432797 4.7301678 5.0828256 5.3555286 4.4716555 5.0529956 4.6467562 4.2050801 4.6537638 4.9178520 4.9318991 4.2968356 4.1899961 4.3837436 4.3549528 4.6676505 5.1514147 5.0560013 4.7533643 4.6964593 5.9100865 4.0513586 5.4304133 4.6940509 5.3312308 4.5266614 4.7713991 4.7069159 5.5433708 5.0532027 4.8573922 5.8726267 5.5875676 5.4784007 5.8227061 5.4162282 5.5949940 5.2397042 5.6286898 5.5281267 5.2398081 5.3917588 5.3098122 5.3191439 5.5787544 4.8438580 4.8518439 5.3998448 3.9372164 3.9327745 4.0888094 3.1001347 4.2610742 4.2965526 3.4863527 3.8078647 3.1807961 3.8309313 5.9299886 3.7980918 3.0236977 5.3787470 3.0781456 2.4207858 3.9258850 3.4701227 3.2878163 3.7216356 2.8475395 4.1899961 2.7930707 2.7700725 2.7465480 2.7510271 2.7657424 2.7109620 2.7542512 2.7395791 6.0486558 3.1684600 4.3563322 6.3121909 3.4112930 3.3468044 3.4383035 3.8641638 4.2521534 2.7487048 2.7959574 2.8301535 3.3249933 4.2770813 3.5130328 3.5130328 3.4187102 4.1654560 3.4409915 4.1654560 3.4409915 4.1654560 3.4962157 3.4409915 6.0222798 4.3955356 4.3838822 6.2477470 4.5011286 6.3491423 4.3007903 4.5215277 3.2476660 4.2320140 4.2382624 3.1715966 4.2382624 3.1715966 3.0541928 2.7482794 2.9776858 3.0304843 3.0318718 3.0886693 3.0963556 4.4399468 4.2434363 4.4070960 2.7066090 3.4115448 3.6124290 2.6996622 3.2342957 3.2669025 2.6116701 3.2669025 2.6116701 4.1340955 4.2233287 4.3450428 
