182
YCyR2hit__Nodosilinea_nodulosa__UniRef90_A0AAJ6N6B2                        0.0000000 2.1184934 2.2326603 2.3266064 2.4859587 2.5830776 2.4492839 2.3069260 2.3569007 2.3956194 2.4196153 2.4381965 2.5846039 2.4759354 2.6321485 3.4529099 3.5121212 3.3508535 3.3827522 3.3484243 3.1267794 2.8850833 3.4948318 3.3952691 3.1623703 3.1806373 2.7195761 2.8791739 2.6603118 2.7509613 2.7633056 2.6236768 2.7064895 2.5039033 2.8143099 2.7513395 2.7291782 2.2467630 2.3359613 2.6930039 2.7966366 2.2326603 5.2843475 5.8514187 5.6821050 5.7515716 5.2633213 5.3687312 5.6174057 5.9454261 5.6053731 5.8891363 6.4758303 5.8338904 6.1471488 5.0658363 6.7615397 5.6575301 5.8778930 6.3497506 6.9094645 6.7129393 7.3636921 7.0454583 6.3086382 6.2844977 6.9163668 7.3208766 6.1376772 6.5948104 6.5689086 7.9429740 6.2036519 7.0403836 6.8567390 5.9906396 6.0968650 6.5793341 6.4991005 6.6583052 7.4916427 6.5836982 7.5842320 5.5759327 6.3447415 7.0849567 6.0274228 6.6119264 6.2085357 6.4702563 5.2843475 4.6950263 2.6760420 3.4875712 3.6514255 2.4492839 3.6808516 3.8004512 3.4819833 3.4877189 0.0000010 3.4849003 6.4136295 3.5148393 2.5565151 5.3687312 2.6087078 2.7513395 3.8547904 2.7076760 2.5846039 3.3564073 2.8323979 6.7615397 2.2536492 2.2507988 2.2759491 2.2270417 2.2467630 2.3066205 2.2950398 2.2749615 7.5229679 2.4695257 3.7280065 7.0323023 2.6865579 0.9180680 2.7192966 0.9490131 3.2168129 2.3069260 2.4437206 2.3993596 2.5113641 3.4325366 3.9377248 3.9377248 2.5706266 3.3506659 2.5717142 3.3506659 2.5717142 3.3506659 3.8935514 2.5717142 8.3750597 3.9075658 3.5939520 8.4478756 3.5555331 8.5381675 3.3632220 3.5118535 2.4621608 3.0727907 3.2840007 2.4703457 3.2840007 2.4703457 2.4741577 2.7633056 3.4389689 2.4002627 2.3887355 2.4804788 2.4552513 3.9672867 3.3029243 3.2613120 2.7064895 2.5619377 2.5790949 2.7938749 2.4759354 2.4452942 2.7509613 2.4452942 2.7509613 3.5283469 3.4599092 3.6914538 
YCyR2hit__Pseudanabaena_sp_FACHB_2040__UniRef90_A0A926ZYX4                 2.1184934 0.0000000 0.7857281 0.6637650 2.8984456 2.7185858 1.1925786 0.7131069 1.0814656 0.8458540 3.0587929 0.6573177 1.1407458 0.7157151 2.7794330 3.0022269 2.9090295 2.9569888 2.9694195 3.0591495 3.0174834 2.3651971 3.4640767 3.0889719 3.3049166 3.0994904 2.9131546 2.6678540 2.7720195 2.1180057 2.2263172 2.2943640 2.3172215 2.2304437 2.4877060 2.4149712 2.4807024 2.2605879 2.4731611 2.6443255 2.7587262 0.7857281 4.7918770 4.9407220 4.8256925 4.9049168 4.7353441 5.2471586 5.1721157 5.2375805 4.8598444 5.2077482 5.8172923 5.5684147 5.7785271 4.9700634 5.6668026 5.0876768 5.5015830 5.3389570 5.3244374 5.5950152 5.4404739 5.8962231 5.9877863 5.7593592 5.1180507 5.8531303 6.3044383 5.0845546 4.4661451 5.7715133 5.9351973 5.3391777 5.3729030 5.2063154 5.0055335 5.2682104 5.6638642 5.3832171 5.3618541 5.2506606 5.3800561 5.4711518 5.2695506 5.2861324 5.1891637 6.0812638 5.6971030 5.3630498 4.7918770 4.3912749 1.1742176 3.2972963 3.4004662 1.1925786 3.0110267 3.4727186 2.9059472 2.8851828 2.1184934 2.6887003 5.5653157 2.8893079 0.9237846 5.2471586 0.9176269 2.4149712 3.2664038 1.1266265 1.1407458 2.7887354 0.9032121 5.6668026 2.2827143 2.2614288 2.2904153 2.2802940 2.2605879 2.2960341 2.2965047 2.3165170 6.0183434 1.1495578 3.1323312 5.9060951 2.3400775 2.5973579 2.4150832 2.6056157 3.1207674 0.7131069 0.8506657 0.8017441 1.0984134 3.1229364 2.7652170 2.7652170 1.0592744 3.0060994 1.0583725 3.0060994 1.0583725 3.0060994 2.6626682 1.0583725 5.8836418 3.0267454 3.1195457 5.9847803 2.8910875 6.0091882 2.9192095 2.9486565 0.8453858 2.8541828 2.9565494 0.7858062 2.9565494 0.7858062 0.6530135 2.2263172 2.5801827 0.6278842 0.6242341 0.6071641 0.6325842 3.7444780 2.9980223 3.1331083 2.3172215 0.6739097 0.7271875 2.2043157 0.7157151 0.7125765 2.1180057 0.7125765 2.1180057 2.9311410 3.0503150 3.0075823 
YCyR2hit__Leptolyngbya_sp_FACHB_261__UniRef90_A0A926UF78                   2.2326603 0.7857281 0.0000000 0.4801034 2.5871009 2.5139657 0.8439886 0.5701380 0.9072708 0.6579028 2.4362810 0.5789158 1.0489511 0.5224344 2.5286088 2.5780962 2.4791365 2.6573849 2.6324276 2.6631129 2.6875203 2.1696360 3.0018901 2.7195686 2.8214787 2.8877860 2.4352177 2.7585141 2.3970566 1.7567957 1.7958711 1.8978778 1.9321387 2.1799238 2.2870798 2.1274641 2.2781241 1.9420544 2.4341197 2.2128430 2.4289466 0.0000010 5.0743751 5.2132872 4.9554400 5.1011632 4.9000704 5.2419184 4.9353274 4.9844000 4.6151993 4.8981491 5.1057359 4.5883058 4.5989913 4.6411120 5.1422838 4.9017939 4.9075292 5.3658284 5.3110671 5.3689976 5.1892894 5.8556789 5.5557669 5.7286830 5.4117454 6.1772960 5.8085926 5.3615466 4.9657154 5.9202330 5.5361353 5.5907270 5.6701921 5.3831562 5.2091501 5.1934595 5.2320571 5.2112620 5.0065768 4.9499183 5.3873492 5.1023157 5.1464487 5.4525388 5.2438030 5.2709802 5.3186128 5.2454467 5.0743751 4.0192650 1.0914197 2.9872349 2.8985809 0.8439886 2.7273294 3.0895373 2.7358228 2.8074508 2.2326603 2.6739136 5.6835765 2.7127181 0.7746254 5.2419184 0.7688491 2.1274641 2.8823363 1.0630649 1.0489511 2.6258186 0.7705730 5.1422838 1.9611880 1.9458238 1.9094479 1.9255700 1.9420544 1.9141423 1.9143783 1.8981080 6.1509263 1.0222638 2.8986119 5.2503387 2.2416144 2.8908325 2.1153782 2.6376658 2.9090149 0.5701380 0.6615986 0.6106027 0.8730609 2.9219162 2.8698881 2.8698881 0.8474500 2.9329302 0.8355070 2.9329302 0.8355070 2.9329302 2.7710554 0.8355070 6.3022887 3.0052114 2.9180406 6.4966249 2.9877636 6.4255836 2.9527252 2.8766352 0.6521922 2.5932057 2.6488798 0.6926250 2.6488798 0.6926250 0.5022130 1.7958711 2.2862839 0.5191686 0.4919628 0.5348141 0.5277346 2.9172889 2.7567744 2.8275794 1.9321387 0.5364440 0.5810317 1.7723935 0.5224344 0.5279915 1.7567957 0.5279915 1.7567957 2.6242174 2.6296270 2.6536408 
YCyR2hit__Hassalia_byssoidea_VB512170__UniRef90_A0A846HFU5                 2.3266064 0.6637650 0.4801034 0.0000000 2.7005612 2.7160026 0.7967134 0.4666091 0.8092596 0.5641364 2.8447927 0.5466694 0.9838048 0.3277838 2.6177792 2.7941939 2.7511438 2.9520849 2.9031610 2.8872918 3.0604168 2.2795973 3.1797587 2.8375394 2.9196165 3.0141336 2.7965615 2.8869745 2.6930211 1.9974867 2.0334546 2.1357646 2.1984881 2.2531566 2.4285731 2.2671527 2.3898632 2.1849168 2.3360719 2.2892061 2.5185712 0.4801034 4.9486749 5.2159741 5.2406774 5.1942195 4.9796614 5.1631865 4.9072595 5.1388275 4.4865776 5.0328262 5.1582472 4.6242627 4.9891354 4.5983647 5.1888366 4.6927712 4.5329238 5.0041386 4.9158880 5.2035296 4.8071066 5.3906677 6.0960086 5.5824016 5.0625019 5.6527170 5.5334068 5.2172990 4.7870253 5.7577652 6.0608138 5.5458243 5.6226631 5.4734683 5.3499893 5.4841583 5.6941852 5.4011427 5.2725783 5.1569789 5.2512174 5.2904234 5.4811454 5.2717774 5.3017545 5.7099735 5.6180800 5.3792428 4.9486749 4.6477783 1.0489042 2.9305377 2.8641781 0.7967134 3.0390218 3.2285008 3.0444699 2.9432726 2.3266064 2.7676234 5.8823526 3.0307367 0.6818048 5.1631865 0.7057408 2.2671527 2.7962174 0.9501836 0.9838048 2.9036374 0.5539919 5.1888366 2.2063362 2.1907583 2.1777993 2.1667310 2.1849168 2.2017748 2.1835314 2.1653477 6.0883275 1.0488821 3.0211917 5.3708483 2.4426936 2.6370371 2.2710886 2.6487977 2.9077548 0.4666091 0.5087311 0.4769619 0.6830397 2.7604307 2.9797414 2.9797414 0.6534809 2.7144142 0.6436341 2.7144142 0.6436341 2.7144142 2.8653179 0.6436341 5.8885009 2.9717742 2.8918227 5.9847688 2.7209023 5.9202241 2.7310250 2.8117614 0.4660194 2.6682561 2.8217327 0.4811629 2.8217327 0.4811629 0.2848770 2.0334546 2.7689242 0.2715906 0.2906313 0.3165397 0.3034391 3.2660643 2.7376505 2.6943464 2.1984881 0.3250356 0.3536644 2.0380286 0.3277838 0.3308858 1.9974867 0.3308858 1.9974867 2.9224296 2.7551899 2.8075265 
YCyR2hit__Halorientalis__UniRef90_A0A1G7PUC9                               2.4859587 2.8984456 2.5871009 2.7005612 0.0000000 1.1895407 2.3364420 2.4118931 2.3816306 2.5722549 0.2253688 2.5689480 2.5876158 2.7594502 1.2189720 1.2106442 1.1938944 1.2031975 1.2038960 1.1945464 1.0275514 1.0247819 1.4571399 1.4236077 0.8941914 1.3124451 1.1265510 1.0081433 1.1879173 2.2609493 2.1836333 2.4115341 2.3541596 2.0719480 2.5256423 2.0955306 2.4467950 2.2318401 2.3921317 0.6020704 0.6588674 2.5871009 4.6797877 5.2682884 5.2311007 5.0521889 5.3226800 5.3699627 4.7798009 5.1630805 4.5706995 4.4427121 5.1016718 4.9456496 4.9755340 4.2337001 5.0114089 4.7068801 4.8099160 5.0944865 6.0439582 5.5838066 5.5264779 5.0965487 5.1132373 5.5196502 5.8920951 5.3755856 4.9027908 4.9718287 5.0418189 5.0839719 5.6493978 5.2137049 5.3001309 6.6664556 6.3582483 6.4667014 6.4707959 6.6730216 6.7974927 6.6539101 6.8080500 5.8907204 6.4298679 6.4707388 6.2641134 6.6778487 6.5369792 5.8654964 4.6797877 5.5510069 3.1365766 3.3518827 3.3513995 2.3364420 3.3159223 3.8281054 3.0434440 2.9825526 2.4859587 2.9647675 6.8522123 3.0532158 2.6646541 5.2844176 2.5924473 2.0955306 3.5260404 2.6705127 2.5876158 2.8203274 2.4733360 5.0114089 2.2529493 2.2176434 2.2154861 2.2252430 2.2318401 2.2020276 2.2211469 2.2145730 7.3305336 3.0371248 3.1524277 6.7929588 2.5972593 2.6822403 2.5544137 2.8257526 3.4567577 2.4118931 2.4450335 2.4273815 3.1736155 3.3267445 2.9039739 2.9039739 3.2313130 3.2328016 3.2511853 3.2328016 3.2511853 3.2328016 2.9393251 3.2511853 7.4747606 3.6815083 3.6020171 7.6494837 3.4978572 7.6392577 3.4653543 3.5568999 2.8125297 3.0268247 3.0828215 2.7599021 3.0828215 2.7599021 2.6466686 2.1836333 2.5302623 2.6615788 2.5305101 2.5954929 2.5888912 3.4478871 3.2928807 3.2794150 2.3541596 2.8900262 2.7948113 2.2970758 2.7594502 2.7859393 2.2609493 2.7859393 2.2609493 2.9989108 3.2528906 3.3161700 
YCyR2hit__UnknownTaxon__UniRef90_P29563                                    2.5830776 2.7185858 2.5139657 2.7160026 1.1895407 0.0000000 2.8202338 2.5101854 3.0120250 2.9977166 1.0303382 2.5843008 3.1085217 2.8254151 0.2457149 1.0408973 1.0323699 1.0479797 0.9900415 0.9761310 0.9577740 0.9269514 1.0942817 1.2225614 0.8721275 0.8577697 0.2375131 0.8325717 0.2178841 2.2186841 2.3440591 2.4586103 2.5104502 2.5112426 3.0657361 2.6472972 2.6970300 2.5493775 2.7450721 1.1420918 1.2616219 2.5139657 4.4940040 5.1296785 4.8372796 4.6874256 4.9235797 5.1258419 4.6287673 4.7995884 4.3693579 4.1509384 4.4536790 4.6774003 4.7932249 4.2575853 4.4423848 4.1788427 4.2452232 4.6650120 4.9602392 4.7743540 4.9380376 5.1925840 4.9556120 4.6164711 4.8348131 5.5090919 5.1371304 5.1493804 4.3224636 4.7405911 5.3031041 5.3823435 5.3511600 5.4942478 5.4703214 5.0254836 5.3749980 5.3160473 5.9862926 5.4201026 5.6592293 4.5004158 5.5495094 5.5119695 4.7929788 4.7901137 5.0218584 4.9906344 4.4940040 4.6291758 3.6336782 3.3277648 3.3783798 2.8202338 3.2591356 3.5861971 2.9185650 3.2043833 2.4985460 3.0725003 6.7048745 3.0406059 3.0621529 5.1258419 2.9251185 2.6472972 3.4061498 3.0783312 3.1085217 2.7820396 2.4674008 4.4423848 2.5740822 2.5532460 2.5835065 2.5436729 2.5493775 2.5531372 2.5904814 2.5846475 7.2372332 2.9614302 3.0538106 7.2133347 2.7622593 2.8835305 2.7650765 3.5096850 3.0968829 2.5101854 2.5804992 2.6422828 3.2435029 3.2733097 2.8761855 2.8761855 3.2792626 3.1656349 3.3002866 3.1656349 3.3002866 3.1656349 2.8908367 3.3002866 7.3352406 3.2552474 3.4263359 7.3994843 3.4315096 7.3874752 3.3326811 3.3571834 2.6944103 3.1181432 3.0695402 2.6638956 3.0695402 2.6638956 2.7610977 2.3440591 2.4665070 2.6896058 2.6151766 2.6001324 2.6194117 3.4984512 3.3156377 3.3565857 2.5104502 2.8444298 2.8296155 2.2413080 2.8254151 2.7639988 2.2186841 2.7639988 2.2186841 3.0420548 3.3157276 3.3847527 
YCyR2hit__Leptolyngbya_ohadii__UniRef90_UPI000B5A185C                      2.4492839 1.1925786 0.8439886 0.7967134 2.3364420 2.8202338 0.0000000 0.8271433 0.1210654 0.9103313 2.3177379 0.8998937 0.9475902 0.9274352 2.7571667 2.9269857 2.9174653 2.9696866 2.9049343 3.0231181 2.9723732 2.3255169 3.5070816 2.7698653 3.0194798 3.2132898 2.8562149 2.8482591 2.9459244 2.2101832 2.1572134 2.3491295 2.2790908 2.1697047 2.7197516 2.2607244 2.4517565 2.2340593 2.5936435 2.3208453 2.5420483 0.8439886 4.9477276 5.3881494 5.3416298 5.1854969 5.2812172 5.5808804 5.0777253 5.0887265 4.7975976 4.8757361 4.9431389 4.3361534 4.5892453 4.3465040 4.7551704 4.5719927 4.5741518 5.6244763 5.2484238 5.5149706 5.2760396 5.3221845 5.3123302 5.1398367 5.3114144 5.8495545 5.4126673 5.2004191 5.4293895 5.8424491 5.2962215 5.2547586 5.2368884 5.4679305 5.3935962 5.4928727 5.6622464 5.3480154 4.9174403 5.0174682 5.2706163 5.3835441 5.6820179 5.1582996 5.3491591 5.9495332 5.7069058 5.1778947 4.9477276 5.6680666 1.0267816 3.5007557 3.4487370 0.0000010 3.2957153 3.3651090 3.3958873 3.0123476 2.4492839 3.1352116 6.0830160 3.2339771 0.7487070 5.5808804 0.8258094 2.2607244 3.3597263 0.9721699 0.9475902 3.4325938 0.8897357 4.7551704 2.2410777 2.2192022 2.1958235 2.2264151 2.2340593 2.2474159 2.2016559 2.1941534 6.4670184 1.3308900 3.2507828 5.5206131 2.4651229 2.5692850 2.4303165 2.5940789 3.3558659 0.8271433 0.9043895 0.8728870 1.1920646 3.2490259 3.5931588 3.5931588 1.1953164 3.1677515 1.1799613 3.1677515 1.1799613 3.1677515 3.3970875 1.1799613 6.1150445 3.3964608 3.3033785 6.1812980 3.2333999 6.1169700 3.1874449 3.2389195 0.9752820 2.9272410 3.0537207 1.0206705 3.0537207 1.0206705 0.9525601 2.1572134 2.8400371 0.8448317 0.9157370 0.8801511 0.8992208 3.5663799 3.2845376 3.2269860 2.2790908 0.8596508 0.8849125 2.2770345 0.9274352 0.9149389 2.2101832 0.9149389 2.2101832 3.1259996 3.0041369 3.0548203 
YCyR2hit__Aliterella_atlantica_CENA595__UniRef90_A0A0D8ZW42                2.3069260 0.7131069 0.5701380 0.4666091 2.4118931 2.5101854 0.8271433 0.0000000 0.8368490 0.5864539 2.2268612 0.5818892 0.9997259 0.4703118 2.2956407 2.5687517 2.5376016 2.7891781 2.5859873 2.6074523 2.6419805 2.1887316 2.8889223 2.3353287 2.6195044 3.0220344 2.4986768 2.3712004 2.4034587 2.0210450 2.1433834 2.1321786 2.1699125 2.0852146 2.5386608 2.1127403 2.3308331 2.2039900 2.3713949 2.4425810 2.5291613 0.5701380 4.6411338 4.3812282 4.3793253 4.2662218 4.4263366 4.5413112 4.2189259 4.3241703 4.1774507 4.4305457 4.5970919 3.9353968 4.3454046 3.9786829 4.5885803 4.2049761 4.2476233 4.7520686 4.9543358 4.8295540 4.6358449 4.7422151 5.0329607 4.3691576 4.2825508 5.0003780 4.9580855 4.1717616 3.7160854 4.3864513 4.8776576 4.5669440 4.3640841 4.8261783 4.7114376 4.9206155 5.1121975 4.7571750 5.0554369 4.7532393 4.9158136 4.4339756 4.7556167 4.7034328 4.5192653 4.9370405 4.6074696 4.7024188 4.6411338 4.6493218 1.1666934 3.2168642 3.2674098 0.8271433 3.0696376 3.3767015 2.7500086 2.9903575 2.3069260 2.9220832 5.0588759 2.8423209 0.6847312 4.5413112 0.7356409 2.1127403 3.1532105 0.9909638 0.9997259 3.0287047 0.6115967 4.5885803 2.2255290 2.2048532 2.1948801 2.2232467 2.2039900 2.2002419 2.2006509 2.2199026 5.2813262 1.0105313 3.0837085 4.9474602 2.4937731 3.0090088 2.3284399 2.7281882 2.9818478 0.0000010 0.1594112 0.1537598 0.7617580 2.8822121 3.0072907 3.0072907 0.7200224 2.8718548 0.7093598 2.8718548 0.7093598 2.8718548 2.8631990 0.7093598 5.2833674 3.1277728 3.0664660 5.3694702 2.9693311 5.3128767 2.8818536 2.9395951 0.6185890 2.6682773 2.7534459 0.6106220 2.7534459 0.6106220 0.5139501 2.1433834 2.6432750 0.4557415 0.4591101 0.4629519 0.4635326 3.1260786 2.8347241 2.8279989 2.1699125 0.4897808 0.5170299 2.1032620 0.4703118 0.4750591 2.0210450 0.4750591 2.0210450 2.9287590 2.8110442 2.8539800 
YCyR2hit__Cyanobacteriota__UniRef90_A0A926PVG5                             2.3569007 1.0814656 0.9072708 0.8092596 2.3816306 3.0120250 0.1210654 0.8368490 0.0000000 0.9274736 2.4656285 0.8569652 0.8594399 0.9299206 2.8156697 2.9110028 2.9377139 2.8484666 2.9079760 2.9514701 3.0989146 2.3418491 3.5631677 2.8631864 3.0473352 3.2106082 2.8425812 2.8878306 2.9452769 2.2058453 2.1754105 2.3679594 2.1822815 2.2190341 2.8510481 2.3193422 2.3435356 2.1927499 2.5252107 2.4027460 2.6170293 0.9072708 5.1770975 5.2433118 5.2414219 5.2932194 5.2108490 5.4197689 5.1517232 5.1111924 4.6804292 4.6695950 5.1555503 4.5303730 4.7213305 4.3896791 4.7037044 4.6663071 4.6683122 5.5508044 5.1513932 5.3224859 5.2411292 6.0501258 5.4161621 5.4153913 5.7825339 6.1588716 5.6604363 5.3583028 5.2457672 6.0373401 5.3731384 5.5369166 5.5954917 5.6059219 5.7209210 5.8716043 5.9547904 5.6800346 5.2478836 5.3361730 5.6189525 5.4231535 5.7182551 5.4475364 5.7630174 6.2133082 5.9478805 5.4261536 5.1770975 5.7007791 1.0806847 3.4183514 3.3791554 0.1210654 3.2927240 3.1497538 3.4312297 2.9547820 2.3569007 3.0830905 6.4664258 3.1439831 0.7282032 5.4197689 0.7604848 2.3193422 3.2446561 0.9096654 0.8594399 3.2714868 0.9061018 4.7037044 2.1995823 2.1910977 2.1555543 2.1874232 2.1927499 2.1940254 2.1371395 2.1319846 6.8316283 1.2647521 3.2249417 5.9573791 2.4233976 2.3616016 2.4468169 2.3868796 3.3660152 0.8368490 0.9712079 0.8971915 1.1767351 3.1607484 3.3957008 3.3957008 1.1938528 3.0763296 1.1786650 3.0763296 1.1786650 3.0763296 3.2201850 1.1786650 6.5284713 3.2883532 3.3107539 6.5986300 3.1621825 6.6092667 3.1842365 3.2421118 1.1002701 2.8905996 3.0153788 1.0937033 3.0153788 1.0937033 0.9827946 2.1754105 2.8473527 0.8810731 0.9528481 0.8771152 0.8875478 3.4538834 3.2081627 3.1711338 2.1822815 0.9091415 0.9217307 2.2753290 0.9299206 0.9175176 2.2058453 0.9175176 2.2058453 3.0719240 2.9836716 3.0845687 
YCyR2hit__Microcoleus_sp_FACHB_1515__UniRef90_A0A926U182                   2.3956194 0.8458540 0.6579028 0.5641364 2.5722549 2.9977166 0.9103313 0.5864539 0.9274736 0.0000000 2.6389237 0.5799723 1.1057464 0.5517552 2.8961072 2.8631809 2.8085397 2.8772317 2.8765258 2.9287222 3.1669868 2.4226202 3.4367076 3.0713163 2.7260545 3.1763627 2.7972956 2.7583753 2.9758479 2.0850225 2.1525917 2.1402590 2.0770323 1.9737741 2.5064882 2.3226454 2.3948950 2.1397053 2.4678737 2.3074066 2.4239205 0.6579028 4.2973562 4.5598174 4.4136153 4.4829493 4.2102832 4.4894159 4.5557343 4.6347952 4.3467124 4.5797838 4.5413818 3.9422162 4.2766970 4.2231808 4.3884272 4.5991134 4.1483296 4.6580404 4.4665517 4.5675534 4.4929590 5.0283610 5.3917443 5.4940446 5.0480904 5.4357506 5.4368912 5.0639951 4.5783879 5.0448149 5.1269915 5.4463999 5.1957789 5.5980118 5.3224978 5.3731374 5.7370305 5.3887750 5.2212636 5.1869814 5.3516989 5.4796887 5.4415747 5.7375287 5.3616711 5.6689096 5.6761007 5.4916455 4.2973562 4.9487984 0.9893817 3.1765656 3.1814151 0.9103313 3.1663202 3.2279172 3.0685157 3.0663177 2.3956194 2.9775159 6.1910799 3.2278450 0.7402068 4.4894159 0.8042879 2.3226454 3.1056715 1.0474567 1.1057464 3.0474719 0.6166307 4.3884272 2.1606295 2.1381211 2.1333338 2.1584930 2.1397053 2.1385512 2.1389219 2.1577399 5.8729569 1.1959245 3.1172206 5.4605368 2.3401840 3.1120270 2.1925421 2.6981716 3.0707630 0.5864539 0.6181963 0.5977295 0.9312587 2.8584415 3.0540708 3.0540708 0.9220052 2.8495449 0.9092747 2.8495449 0.9092747 2.8495449 2.8733792 0.9092747 6.1529793 3.0649962 3.0303368 6.3396792 2.8057082 6.2712868 2.9583516 3.0717963 0.6562294 2.7399139 2.8206435 0.7055947 2.8206435 0.7055947 0.5539437 2.1525917 3.0292731 0.5371682 0.5529729 0.5633978 0.5707400 3.1950654 2.8914530 2.7704936 2.0770323 0.5767344 0.5825919 2.1546617 0.5517552 0.5574286 2.0850225 0.5574286 2.0850225 3.0019337 2.8508614 2.9202266 
YCyR2hit__Halorientalis_marina__UniRef90_UPI001FF6C9D7                     2.4196153 3.0587929 2.4362810 2.8447927 0.2253688 1.0303382 2.3177379 2.2268612 2.4656285 2.6389237 0.0000000 2.6182872 2.4882465 2.8657980 1.1195128 1.1249129 1.1250581 1.1155438 1.0652658 1.1162611 0.9307559 0.9812118 1.2605194 1.2377161 0.8820906 1.1524402 1.0405719 0.9287409 1.0797775 1.9818992 1.9802698 2.2155245 2.3854916 1.9169488 2.3576203 1.9192822 2.3507174 2.2142514 2.3798221 0.7118582 0.7193396 2.4362810 4.6798116 4.8368044 4.6943495 4.4734410 4.8061130 4.9736058 4.4346551 4.9525391 4.0879438 4.2940965 4.8455545 4.4832299 4.4684562 3.9048322 4.8092708 4.6371238 4.6644039 4.5871346 5.7150600 5.4680469 5.2299299 4.8257672 4.9849446 5.0070357 5.2735181 5.2166058 4.7308650 4.6861496 4.5327384 4.7718104 5.3830491 5.1036071 4.6885995 6.3653515 6.6455527 6.0644949 6.2574079 6.4334628 6.7858325 6.3627727 6.7018431 5.8444071 6.4065721 6.4654730 6.0208203 6.4438877 6.2228445 5.4209931 4.6798116 5.0334830 2.9260378 3.5293406 3.6282365 2.3177379 3.4540571 3.7919919 3.0865625 3.1220294 2.4196153 3.2337923 6.2804810 3.1587131 2.3630554 4.8984964 2.3947782 1.9192822 3.6564381 2.5738477 2.4882465 3.0676683 2.4088254 4.8092708 2.2357937 2.1997733 2.2431817 2.2075384 2.2142514 2.2291624 2.2490817 2.2422174 6.4793003 2.9240107 3.4553417 5.6890990 2.3597380 2.4660811 2.3303403 2.7232089 3.5005738 2.2268612 2.2805185 2.3394063 3.0227845 3.3417273 3.1566804 3.1566804 3.0933500 3.1742888 3.1124671 3.1742888 3.1124671 3.1742888 3.1945795 3.1124671 7.0285920 3.6981924 3.6487980 7.2064231 3.9021902 7.1946632 3.6372111 3.7774719 2.6650080 3.2666981 3.2510277 2.5426078 3.2510277 2.5426078 2.5354989 1.9802698 2.6803077 2.6741113 2.5362854 2.5412383 2.4950865 3.7869193 3.3385514 3.4354559 2.3854916 2.8984149 2.8001573 2.0164325 2.8657980 2.8941338 1.9818992 2.8941338 1.9818992 3.1884955 3.4070003 3.5025395 
YCyR2hit__unclassified_Leptolyngbya__UniRef90_UPI0016884D19                2.4381965 0.6573177 0.5789158 0.5466694 2.5689480 2.5843008 0.8998937 0.5818892 0.8569652 0.5799723 2.6182872 0.0000000 1.0846921 0.5515527 2.5309058 2.6632711 2.5087874 2.7856481 2.8299103 2.7288007 2.9171939 2.1913934 3.3348098 2.7402496 2.8955504 3.0470034 2.5822041 2.8066649 2.5887840 1.9838034 2.0000135 2.1906845 2.1402708 2.0768601 2.4440538 2.2480825 2.2872811 2.2243705 2.4225467 2.4591317 2.5582349 0.5789158 4.7594017 4.6086806 4.5930741 4.7385861 4.4620591 4.6665461 4.7745006 5.0373542 4.5332025 4.4845933 4.6670418 4.2204474 4.6341796 3.9745846 5.0529256 4.4922608 4.3685560 5.0572876 4.8238532 5.0590151 4.3493413 4.8071616 5.2577905 5.0862345 4.9755114 5.1381014 5.5230379 5.0578838 4.2924081 4.9864081 5.2415654 5.2879827 5.2806725 5.3902329 5.3478101 5.3789503 5.5692386 5.5645214 5.4340647 5.4347815 5.3303796 5.3121109 5.3109784 5.6613956 5.3031622 6.0022492 5.5951146 5.5205091 4.7594017 4.7124939 0.8633134 3.3735255 3.3980917 0.8998937 2.8747560 3.1731518 2.7276067 2.8271951 2.4381965 2.6534810 5.3826431 2.7852570 0.6880889 4.6665461 0.6990102 2.2480825 3.1618026 1.0862726 1.0846921 2.6870518 0.5677661 5.0529256 2.2462056 2.2252287 2.1983044 2.2438648 2.2243705 2.2377602 2.2041128 2.2234796 5.6378959 1.1672672 3.1428738 5.4917601 2.4618331 2.4776443 2.4542971 2.5497190 2.8977361 0.5818892 0.6831466 0.6466051 0.9203013 2.8292362 2.7609369 2.7609369 0.8792373 2.8329716 0.8673662 2.8329716 0.8673662 2.8329716 2.6040986 0.8673662 5.5285853 3.0500294 2.9628235 5.5931023 2.8504895 5.5995243 2.8877934 2.8697451 0.6670037 2.6707341 2.7535285 0.6581258 2.7535285 0.6581258 0.5761809 2.0000135 2.5615836 0.5114976 0.5436330 0.5578075 0.5631747 3.3801590 2.8296966 2.7700509 2.1402708 0.5090896 0.5433292 2.0143643 0.5515527 0.5571334 1.9838034 0.5571334 1.9838034 2.8484458 2.9640725 2.8988234 
YCyR2hit__Leptolyngbya_sp_NIES_2104__UniRef90_A0A0P4V0S4                   2.5846039 1.1407458 1.0489511 0.9838048 2.5876158 3.1085217 0.9475902 0.9997259 0.8594399 1.1057464 2.4882465 1.0846921 0.0000000 1.1784197 2.9553937 3.0560508 2.9537718 3.0535079 3.2375458 3.0670235 3.1642213 2.5057475 3.5958790 3.1960056 3.6498808 3.2081376 3.0231568 3.1283076 3.0044709 2.4278327 2.5962587 2.7588111 2.6400575 2.8026149 2.9020444 2.6697964 3.0181718 2.6839247 3.0464732 2.4333069 2.5399761 1.0489511 5.4417215 5.3747036 5.2417177 5.2861176 5.2031486 5.3321576 5.2214530 5.5121988 5.0626893 5.1911375 5.1893418 5.1492942 5.1184298 5.2465288 5.2235353 5.6918428 5.1918733 6.0513122 5.7343308 6.1980846 6.2740384 6.1413500 6.5334614 6.3729457 5.4759582 6.4225236 6.4434157 5.8981285 5.2991623 6.1952536 6.3977980 6.3551277 6.1251082 6.1524924 5.7955730 5.7197480 5.8422587 5.5588886 5.5593976 5.2122160 5.6697267 5.7642556 6.1600973 5.8977344 5.7280645 6.3007631 6.0126099 5.4728849 5.4417215 5.5621458 1.1636353 3.7723833 4.0464537 0.9475902 3.9622538 4.0291679 3.4036322 3.4426761 2.5846039 3.4125223 6.2781610 3.5935871 0.8132667 5.2051664 0.8385492 2.6697964 4.1098067 0.1320659 0.0000010 3.8238786 0.9013718 5.2235353 2.7104017 2.6917859 2.6727995 2.6719973 2.6839247 2.7372718 2.6795354 2.6676260 6.2059776 1.3747876 3.4379031 6.0540248 2.8996568 3.4390391 2.8938907 2.8275594 3.5952077 0.9997259 1.0697369 1.0093584 1.2614836 3.5394842 3.6804780 3.6804780 1.2359871 3.6625306 1.2409139 3.6625306 1.2409139 3.6625306 3.7648503 1.2409139 6.6352731 3.9660580 3.8091251 6.8062449 3.6494948 6.6500458 3.6462151 3.6081168 1.2242034 3.4966009 3.4944721 1.2245444 3.4944721 1.2245444 1.1600728 2.5962587 3.0077416 1.1025025 1.1154464 1.1500894 1.1424523 3.9038468 3.4869874 3.6968367 2.6400575 1.0873388 1.1565081 2.4409829 1.1784197 1.1465870 2.4278327 1.1465870 2.4278327 3.8394928 3.5109296 3.5731068 
YCyR2hit__unclassified_Nostoc__UniRef90_A0A252DUV9                         2.4759354 0.7157151 0.5224344 0.3277838 2.7594502 2.8254151 0.9274352 0.4703118 0.9299206 0.5517552 2.8657980 0.5515527 1.1784197 0.0000000 2.7568346 2.9154081 2.8000873 3.0339903 3.0075652 3.0336953 3.1077466 2.3357852 3.2500193 2.8607358 3.0820210 3.3124538 2.8298121 2.9313662 2.8025224 1.9754097 2.0214769 1.9978095 2.0692942 2.1014684 2.3281059 2.1202721 2.3007690 2.1859566 2.4164039 2.3018893 2.6491829 0.5224344 5.0581911 5.1307159 5.0106659 5.1673896 4.9321373 5.1896016 5.0041776 5.2773303 4.7274299 4.8311888 5.0517366 4.5072409 4.7962214 4.6433580 5.3447379 4.5305195 4.6793763 5.2247762 5.2104648 5.2336695 4.9463423 4.7917675 5.3713651 5.5572752 4.8490852 5.0822995 5.2330468 5.1040631 4.2473495 5.0965739 5.2471740 5.1907442 5.4005546 5.7908042 5.7342489 5.7877338 6.0907361 5.6974467 5.7457739 5.3764493 5.5961958 5.3710084 5.6131939 5.4800534 5.3223589 5.7535882 5.6237659 5.5595287 5.0581911 4.6800679 1.0704010 3.2095707 3.2845675 0.9274352 2.9527414 3.4664610 2.9688101 3.0583646 2.4759354 2.8614424 5.5702802 3.0416819 0.7302983 5.1896016 0.7040703 2.1202721 3.0887765 1.0447313 1.1784197 2.7035652 0.5957077 5.3447379 2.2073525 2.1897490 2.1823216 2.2051083 2.1859566 2.1876635 2.1880654 2.2072676 6.1742641 1.1135463 3.1722204 5.4431217 2.3041784 3.1569551 2.1507690 3.0165241 3.1539986 0.4703118 0.5346165 0.5180163 0.7231279 3.0539501 2.8400176 2.8400176 0.6908313 3.1114173 0.6804994 3.1114173 0.6804994 3.1114173 2.7551044 0.6804994 5.9207202 3.1978874 3.1484811 6.0154992 3.0073215 5.9518855 3.0861411 3.0819990 0.3608701 2.6974093 2.7683808 0.3820091 2.7683808 0.3820091 0.2216935 2.0214769 2.6766063 0.1758383 0.1853024 0.1800709 0.1882102 3.5715525 2.9989097 2.9911872 2.0692942 0.1907052 0.2051769 2.0342172 0.0000010 0.0087479 1.9754097 0.0087479 1.9754097 2.8526336 2.8476549 2.9063492 
YCyR2hit__Natronomonas_moolapensis__UniRef90_M1Y5I7                        2.6321485 2.7794330 2.5286088 2.6177792 1.2189720 0.2457149 2.7571667 2.2956407 2.8156697 2.8961072 1.1195128 2.5309058 2.9553937 2.7568346 0.0000000 1.0807320 1.1251884 1.1056641 1.0143053 1.0202451 1.0236651 0.8407720 1.1568619 1.2846496 0.9375957 0.8776139 0.2433166 0.8391744 0.2428405 2.4230864 2.5088630 2.6256557 2.8045841 2.6405778 3.4610179 2.5615353 2.8781851 2.7581613 3.2399724 1.2986983 1.3745018 2.5286088 5.0651359 5.4728387 5.3120284 5.1381981 5.2290863 5.3649210 4.8922375 5.3093898 4.6373555 4.3580929 4.7893759 4.5451289 4.8047944 4.2995913 4.4820644 4.3676598 4.4233930 4.7870414 5.2620774 4.9863886 4.8029633 5.2838534 5.0563122 4.4337490 4.9753396 5.7008517 5.0124074 4.9621505 4.2929149 4.8220238 5.4186447 5.4302840 5.1446760 5.7274861 5.4882161 5.1953101 5.4362883 5.4738900 6.0109259 5.3524451 5.6681004 4.4970479 5.8358644 5.8327770 5.0416255 4.9065438 5.0698268 5.1595033 5.0651359 4.7188293 3.5575190 3.5003168 3.5531570 2.7571667 3.2335355 3.7224420 2.9462262 3.1154082 2.5884894 3.1632002 6.6954173 3.0384079 2.9364548 5.3649210 2.7932809 2.5615353 3.7109406 3.0191378 2.9553937 2.8736421 2.3962943 4.4820644 2.7848717 2.7621243 2.7957793 2.7518838 2.7581613 2.7624123 2.8034471 2.7970207 7.1404865 2.7611922 2.9339690 7.6109955 2.6464284 2.9202845 2.7204051 3.5991286 3.2224142 2.2956407 2.3854265 2.3546758 3.1284306 3.3439694 2.8896852 2.8896852 3.1725299 3.2588008 3.1926244 3.2588008 3.1926244 3.2588008 2.9041511 3.1926244 7.2012273 3.4258900 3.5549626 7.2616747 3.6261079 7.2258864 3.5483146 3.5693450 2.6049909 3.1683027 3.1904246 2.5639501 3.1904246 2.5639501 2.7189451 2.5088630 2.7816186 2.5443145 2.6173328 2.5576501 2.5580490 3.6329935 3.4189919 3.4177697 2.8045841 2.7837586 2.7603064 2.4152390 2.7568346 2.6713574 2.4230864 2.6713574 2.4230864 3.1431393 3.3159381 3.3843259 
BRhit__Halobacterium__UniRef90_P02945                                      3.4529099 3.0022269 2.5780962 2.7941939 1.2106442 1.0408973 2.9269857 2.5687517 2.9110028 2.8631809 1.1249129 2.6632711 3.0560508 2.9154081 1.0807320 0.0000000 0.0837701 0.2090958 0.2415263 0.2006544 0.3565096 0.0052097 0.6515657 0.7282475 0.8563860 0.8419139 0.8978470 0.8527839 0.9449228 2.5788486 2.6299415 2.7831523 2.7570588 2.5743907 3.2512861 2.4621041 2.8209107 2.5039623 2.7548339 1.1655024 1.2935525 2.5780962 5.0065469 5.2700832 5.1030599 4.7516179 5.0768484 4.9328787 4.3970818 5.0031803 4.3844551 4.1682969 4.4514595 4.3401258 4.4629074 3.8860427 4.2963778 4.1784396 4.0188050 4.7017930 5.0501949 5.0569344 4.4645177 4.5464260 4.8958893 4.0571172 4.8672029 4.8161242 4.9662757 4.4637170 4.1939435 4.6729184 4.9491091 4.9913806 4.7780482 5.7745271 5.5184564 5.2333580 5.7865825 5.1890718 5.0156749 4.7953164 5.1266520 5.4166351 5.0797428 5.1899432 5.3499093 5.2391266 5.3930251 5.1441119 5.0065469 5.4255261 3.6818250 3.8847822 3.9925835 2.9269857 4.2713081 4.1195308 3.8958649 3.7892481 3.3832735 4.0248329 5.4939669 4.0274999 3.0596352 4.9305104 2.8655840 2.4621041 3.7915514 3.1332818 3.0560508 3.5082434 2.5085638 4.2963778 2.5277916 2.5077438 2.4861081 2.4914132 2.5039623 2.4557764 2.4926473 2.4801306 6.0248014 2.9983031 4.6105940 5.6565198 2.9630510 3.0715326 3.0300329 3.8623863 3.9997619 2.5687517 2.6499124 2.6228714 2.8872645 4.0425858 3.2873422 3.2873422 2.9370384 4.0893478 2.9546670 4.0893478 2.9546670 4.0893478 3.2765305 2.9546670 5.6821701 4.2266892 4.2849080 5.7658938 4.1049894 5.7231824 4.0908509 4.2492697 3.0469711 4.2968241 4.2969091 2.9628589 4.2969091 2.9628589 2.8839446 2.6299415 2.7885175 2.7922280 2.8432990 2.8103994 2.7501626 4.0892731 4.0487696 4.0787428 2.7570588 3.1567012 3.1584685 2.6493854 2.9154081 2.9448200 2.5788486 2.9448200 2.5788486 4.1984731 4.4336120 4.4974517 
BRhit__Halobacterium__UniRef90_UPI001F011AB0                               3.5121212 2.9090295 2.4791365 2.7511438 1.1938944 1.0323699 2.9174653 2.5376016 2.9377139 2.8085397 1.1250581 2.5087874 2.9537718 2.8000873 1.1251884 0.0837701 0.0000000 0.2018396 0.2531545 0.1759602 0.3818713 0.0890833 0.6739086 0.7163867 0.8367649 0.8156309 0.9048678 0.8226095 0.9236506 2.4863610 2.6090094 2.6896441 2.6475080 2.4488172 3.0578675 2.4089227 2.7094616 2.3877958 2.6770134 1.1824308 1.2820733 2.4791365 4.8339928 5.0088148 4.8896815 4.5208705 5.0170901 4.7866919 4.1599316 4.7624507 4.3096214 4.1600977 4.4532342 4.0792844 4.2769088 3.9155999 4.0466360 4.0914708 3.8653413 4.5407377 5.0119478 4.8833516 4.4100553 4.5519472 4.9719273 4.0483633 4.8734787 4.7705637 4.9363173 4.4732164 4.2298638 4.6280123 4.9212543 4.8991109 4.7804293 5.8754132 5.4467909 5.1388048 5.9429061 5.1607467 5.0816541 4.8256792 5.0914896 5.4669028 5.2044156 5.1665152 5.3141429 5.0423448 5.3927985 5.0484492 4.8339928 5.3194535 3.3647595 3.9084506 4.0204680 2.9174653 4.3298506 3.9532990 3.8498642 3.7204898 3.4603375 3.7276918 5.4166955 3.8959580 2.8153226 4.7862975 2.6760542 2.4089227 3.6970759 3.0736453 2.9537718 3.5306039 2.5116078 4.0466360 2.4104657 2.3915288 2.3705713 2.3759577 2.3877958 2.3419491 2.3767322 2.3649259 5.8688412 2.9362014 4.4494710 5.7062360 3.0924290 3.1178655 3.1628061 3.8325528 3.8512073 2.5376016 2.5394579 2.5012473 2.7989361 4.0322212 3.1771360 3.1771360 2.8469743 4.0544594 2.8638708 4.0544594 2.8638708 4.0544594 3.1674921 2.8638708 5.6329951 4.0439834 4.0882319 5.7165208 3.9892226 5.6739449 4.1070928 4.0871982 3.0640939 4.2151744 4.1465998 2.9321431 4.1465998 2.9321431 2.7243389 2.6090094 2.6674970 2.7410716 2.7343856 2.6968152 2.6499111 3.9706908 4.0129712 4.0430025 2.6475080 2.9980683 3.0799584 2.5685817 2.8000873 2.8285186 2.4863610 2.8285186 2.4863610 4.0883103 4.3188596 4.3790573 
BRhit__Haloplanus__UniRef90_A0A6B9F3P5                                     3.3508535 2.9569888 2.6573849 2.9520849 1.2031975 1.0479797 2.9696866 2.7891781 2.8484666 2.8772317 1.1155438 2.7856481 3.0535079 3.0339903 1.1056641 0.2090958 0.2018396 0.0000000 0.1680256 0.1651495 0.2281572 0.1382781 0.6935026 0.7337489 0.8135173 0.9098328 0.9609806 0.9168230 0.9765391 2.6062360 2.7574536 2.8563842 2.7176399 2.5545813 3.2965110 2.5340820 2.9758730 2.4705324 2.9166920 1.1542349 1.2230616 2.6573849 4.9467436 5.0736853 4.8378358 4.5263203 4.9185398 4.9593247 4.3960298 4.6638004 4.6843913 4.2520872 4.3439360 4.3576896 4.4528269 4.1904964 4.0657957 4.5252230 4.0548882 5.0218590 5.2399309 5.1625370 4.6844985 5.1158991 5.3080785 4.1075007 5.2526512 5.2312086 5.0870375 4.8683696 4.6689331 4.7313206 5.4038319 5.1495836 5.0139802 6.2159395 5.7988840 5.4527842 6.2987331 5.4767265 5.6893506 5.2918054 5.5191409 5.1174931 5.4930561 5.4996736 5.6837050 5.0979660 5.4014525 5.0849866 4.9467436 5.3340722 3.6603939 3.7994903 3.9077286 2.9696866 4.3748575 3.9941489 3.8849523 3.7378092 3.2828590 3.8765748 5.8206779 3.8866288 2.9948098 4.9593247 2.8437463 2.5340820 3.7428019 3.2146550 3.0535079 3.4075489 2.6023553 4.0657957 2.4940008 2.4742951 2.4528776 2.4582019 2.4705324 2.4230715 2.4593006 2.4470019 5.6401152 3.0733059 4.3831150 6.0789245 3.2872835 3.2994494 3.4403402 3.8482716 4.0701282 2.7891781 2.8365043 2.7242341 3.0058316 3.9505883 3.3462264 3.3462264 3.0908984 3.9292960 3.1100113 3.9292960 3.1100113 3.9292960 3.3348697 3.1100113 6.0280208 4.2266920 4.1903588 6.0856992 4.1925313 6.2231638 4.1536495 4.2961067 3.1455394 4.1272541 4.1001062 3.0985952 4.1001062 3.0985952 2.9271188 2.7574536 2.8368236 2.8430397 2.9806362 2.9306800 2.9269435 3.8740592 3.9967986 4.0335313 2.7176399 3.3097733 3.3041209 2.6735256 3.0339903 3.0653383 2.6062360 3.0653383 2.6062360 4.1749385 4.2903735 4.4197400 
BRhit__Haloplanus_natans__UniRef90_UPI000A5CE34D                           3.3827522 2.9694195 2.6324276 2.9031610 1.2038960 0.9900415 2.9049343 2.5859873 2.9079760 2.8765258 1.0652658 2.8299103 3.2375458 3.0075652 1.0143053 0.2415263 0.2531545 0.1680256 0.0000000 0.1720462 0.3012441 0.1642343 0.5908088 0.6452871 0.7391303 0.8834238 0.9125252 0.8171143 1.0143286 2.4902264 2.6074327 2.6951406 2.5605861 2.4224066 3.2500243 2.2753902 2.9409701 2.4425909 2.7625477 1.1694439 1.2365554 2.6324276 4.9598670 5.0106976 4.7771571 4.4921849 4.8171355 4.7291620 4.1270531 4.7296489 4.4844711 4.2836981 4.3781240 4.2551596 4.2308339 4.0223179 4.0444960 4.4783256 3.7770564 4.9341366 5.2566965 4.9956003 4.7105233 4.8309682 5.1902896 4.2292766 4.9892069 5.0649388 5.2017228 4.6760233 4.3140199 4.7769620 5.3575338 5.1268081 4.7949189 6.0126350 5.6093007 5.1288341 5.9817058 5.2551333 5.4612222 4.7872855 5.2507237 5.3511239 5.1833207 5.2241712 5.3384074 5.0851896 5.5232494 4.8958361 4.9598670 5.5504421 3.7292692 3.6765717 3.7786300 2.9049343 4.1993654 3.8121367 3.7255391 3.7087163 3.3133032 3.9234834 6.0137796 4.0293074 2.8362483 4.7291620 2.7338051 2.2753902 3.6341919 3.3926361 3.2375458 3.5220776 2.7549933 4.0444960 2.4660486 2.4463850 2.4248853 2.4302916 2.4425909 2.3951549 2.4312902 2.4190229 6.0064675 2.9095030 4.3411001 6.0670879 3.0091277 3.2227646 3.0428966 3.7981775 4.1452791 2.5859873 2.6190019 2.6137210 2.9931537 3.8746720 3.2098362 3.2098362 3.0455018 3.8538164 3.0642249 3.8538164 3.0642249 3.8538164 3.1998236 3.0642249 5.6201668 4.0871927 4.1419393 5.7197966 4.1240232 5.8187945 4.3086168 4.1342562 3.0129304 3.9327910 3.9396191 2.8587714 3.9396191 2.8587714 2.7716708 2.6074327 3.0402643 2.8521313 2.8866415 2.8846404 2.8791958 3.9294609 3.8568688 3.9132383 2.5605861 3.1560368 3.1578493 2.5927872 3.0075652 2.9904412 2.4902264 2.9904412 2.4902264 4.0866861 4.1093003 4.2191236 
BRhit__Halobaculum_rubrum__UniRef90_UPI001CA389E1                          3.3484243 3.0591495 2.6631129 2.8872918 1.1945464 0.9761310 3.0231181 2.6074523 2.9514701 2.9287222 1.1162611 2.7288007 3.0670235 3.0336953 1.0202451 0.2006544 0.1759602 0.1651495 0.1720462 0.0000000 0.2587277 0.1416500 0.6003386 0.7167312 0.7835562 0.8199456 0.9244537 0.7955984 0.9795809 2.4720408 2.6011286 2.7844255 2.7227772 2.4817399 3.3263829 2.4341222 2.8190528 2.4570893 2.8066113 1.1517055 1.2485294 2.6631129 4.7045840 4.8023474 4.7764100 4.5060241 4.7793678 4.7393957 4.0827427 4.5930694 4.3704084 4.1463334 4.5905801 4.2036859 4.3231310 3.9030113 4.0933531 4.2164734 3.9444618 4.7003306 4.7433182 4.6798963 4.4290381 4.6299487 5.1890762 3.9806788 4.9348782 4.8372970 4.9018754 4.5890167 4.4275492 4.3829865 5.2560469 5.2288190 4.7865013 5.5448516 5.1112263 4.8585983 5.2457888 4.7564837 4.8053993 4.5380815 4.6683532 5.2837762 4.7485871 4.9206303 5.0504081 5.0178979 5.4144071 4.7067053 4.7045840 5.2100640 3.6837665 3.7386476 3.8874262 3.0231181 4.2865753 3.7640806 3.5629293 3.5337279 3.2802101 3.7611060 5.5512172 3.8783772 2.9155341 4.7393957 2.7745593 2.4341222 3.6793473 3.2352656 3.0670235 3.4093174 2.6958830 4.0933531 2.4804588 2.4608520 2.4394793 2.4313273 2.4570893 2.4098222 2.4458687 2.4201387 6.0974487 2.9683707 4.2025622 5.9495713 3.2428796 3.1789170 3.3387476 3.7137021 3.7807471 2.6074523 2.6244168 2.5583238 3.0838965 3.9178624 3.3059776 3.3059776 3.1388402 3.9325888 3.1583326 3.9325888 3.1583326 3.9325888 3.2949710 3.1583326 5.6749762 4.0988704 4.0268217 5.6899029 4.0018270 5.6457757 3.8960675 4.1741380 3.0795604 4.0537390 4.0620816 3.0267501 4.0620816 3.0267501 2.9463138 2.6011286 2.7877549 2.8320222 2.8717490 2.8848067 2.8811829 3.9744136 3.9651033 4.0546122 2.7227772 3.2289234 3.2232871 2.5363329 3.0336953 3.0167822 2.4720408 3.0167822 2.4720408 4.0121992 4.2804082 4.3620083 
BRhit__Halohasta_salina__UniRef90_UPI002110EEC8                            3.1267794 3.0174834 2.6875203 3.0604168 1.0275514 0.9577740 2.9723732 2.6419805 3.0989146 3.1669868 0.9307559 2.9171939 3.1642213 3.1077466 1.0236651 0.3565096 0.3818713 0.2281572 0.3012441 0.2587277 0.0000000 0.2571561 0.5717466 0.8091660 0.7381985 0.9128320 0.9108602 0.8368064 0.9866759 2.5120138 2.6408021 2.5665430 2.6066288 2.5317785 3.1165482 2.3322753 2.5855807 2.6574719 2.5910691 1.0082949 1.0658528 2.6875203 4.5321604 4.9634922 4.9760646 4.6706355 5.0077640 5.2053556 4.2822035 4.8697482 4.5410278 4.0609437 4.5039927 4.7579204 4.7735016 4.1572787 4.0530483 4.2808271 4.2159050 4.5316779 4.9653817 4.8528900 4.6211878 4.5602424 5.8071662 3.9121415 5.2411675 4.5758888 5.2477120 4.3003385 4.6075788 4.5814993 5.5196387 4.8131314 4.5803614 5.7947380 5.4867735 5.4173407 5.7444071 5.3556833 5.5213944 5.1799344 5.5680953 5.4224059 5.1851142 5.3323674 5.2198385 5.2371592 5.4753593 4.7756968 4.5321604 5.3970737 3.7699489 3.7810259 3.9278828 2.9723732 4.0932469 4.0720289 3.3471390 3.6540145 3.0554057 3.6780361 5.7101048 3.6449807 2.9116242 5.1554712 2.9629645 2.3322753 3.7713800 3.3371183 3.1642213 3.5751340 2.7482264 4.0530483 2.6829925 2.6613525 2.6386805 2.6438931 2.6574719 2.6058313 2.6457700 2.6322238 6.1194250 3.0345221 4.1944025 5.9895004 3.2581686 3.2045891 3.2862449 3.7424530 4.0879337 2.6419805 2.6932639 2.7246016 3.1870555 4.1103187 3.3737975 3.3737975 3.2786292 4.0027098 3.2994931 4.0027098 3.2994931 4.0027098 3.3618736 3.2994931 6.3307560 4.2199022 4.2080966 6.2995550 4.3245925 6.4888082 4.1301122 4.3407334 3.1204744 4.0695336 4.0715892 3.0493702 4.0715892 3.0493702 2.9389299 2.6408021 2.8275294 2.9186798 2.9140159 2.9663116 2.9720733 4.2562587 4.0800177 4.2412165 2.6066288 3.2824713 3.4719232 2.5943050 3.1077466 3.1396687 2.5120138 3.1396687 2.5120138 3.9754416 4.0607223 4.1735574 
