160
YCyR2hit__Nodosilinea_nodulosa__UniRef90_A0AAJ6N6B2                        0.0000000 2.1334919 2.2566980 2.3516629 2.6319922 2.7849687 2.4748092 2.3279828 2.3805186 2.4228325 2.5342463 2.4621581 2.6184742 2.5001288 2.7471106 3.5925187 3.6529605 3.5969949 3.6629818 3.5636441 3.3908906 3.6595867 3.5415935 3.3435149 3.2884415 2.8776919 2.9381385 2.7794508 2.8066298 3.0792270 2.7873192 2.8010264 2.6591568 2.7392062 2.5201398 2.8098435 2.7588490 2.7633553 2.2725065 2.7816325 2.8373984 2.7375491 2.7459203 2.6689334 5.5099574 6.2084811 5.9812464 6.1332044 5.4894240 5.6208383 6.3446490 6.2071144 7.0340458 6.1283977 6.4928590 5.4401774 7.2520625 6.0830648 6.3732288 6.5688948 7.5053470 7.1034108 7.6045552 7.4091360 6.7233484 6.4027292 7.2527383 7.7975990 6.9779035 6.6699620 6.9053362 8.5863399 6.7646978 7.2809963 6.3625292 6.4177573 7.0272371 6.9282735 7.1114036 8.1151411 7.0439508 8.2141148 5.7751263 6.7132104 7.5947777 6.3333403 7.0238104 6.4760678 6.8765093 2.7157604 3.5664643 3.7413770 3.7604255 3.8801713 3.5570913 3.5512083 0.0000010 3.5492478 7.3082939 3.5829819 2.5884852 5.6208383 2.6446678 3.9534104 2.7444836 2.8780997 2.2796518 2.2767817 2.3024068 2.2529328 2.3331729 2.3212010 2.3012801 8.0590486 2.4995903 3.8075209 7.4533248 2.7187125 2.7538439 0.9006531 3.2717914 2.4670803 2.4201687 2.5440290 3.4962249 4.0257906 2.6018916 3.4134444 2.6031649 3.4134444 3.9816329 8.9999984 3.9886016 3.6668359 8.9999986 3.6224855 8.9999988 3.4226911 3.5779529 2.4899115 3.1253000 3.3434649 2.4986639 2.5008207 3.4109747 2.4257609 2.4126914 2.5079519 2.4820823 4.0620048 3.3656291 3.3203063 2.5904040 2.6105223 2.8310081 2.4695448 2.7873192 3.5946241 3.5312157 3.7710488 
YCyR2hit__Pseudanabaena_sp_FACHB_2040__UniRef90_A0A926ZYX4                 2.1334919 0.0000000 0.7893094 0.6659958 2.9479223 2.7542073 1.1986819 0.7159751 1.0871458 0.8494605 3.0786964 0.6598239 1.1444116 0.7184649 2.8175733 3.0472893 2.9525418 3.0025045 3.0173639 3.1085081 3.0685130 3.5464114 3.1574338 3.3745751 3.1511014 2.9574280 2.6941195 2.8127140 2.7988579 3.1369980 2.1372875 2.2474445 2.3191188 2.3431362 2.2483642 2.5144759 2.4431949 2.5088341 2.2818935 2.6837482 2.7965603 2.5989124 2.4628196 2.6109386 5.1585554 5.3379499 5.1959957 5.1910885 5.0811412 5.6866511 5.5427829 5.6414153 6.3721061 6.0507286 6.3097276 5.3696005 6.2013545 5.4779478 5.9791327 5.6049956 5.7058585 5.9538453 5.7506966 6.0690690 6.2495390 5.9054991 5.1987610 6.0531202 6.9858463 5.1760477 4.5387132 5.9786041 6.3009259 5.4475600 5.6193687 5.3500012 5.6980562 6.1515137 5.8444740 5.8211582 5.6934814 5.8445942 5.8684139 5.6703352 5.7288657 5.5657155 6.6424077 6.1294725 5.8041271 1.1817920 3.3332395 3.4418454 3.0475794 3.4438639 2.9495403 2.9204067 2.1334919 2.7205574 5.8974351 2.9249339 0.9273365 5.6866511 0.9212274 3.2996705 1.1302671 0.9080438 2.3039495 2.2826522 2.3123085 2.3012330 2.3181950 2.3185790 2.3382225 6.3392527 1.1539958 3.1750437 6.2082586 2.3280379 2.4068152 2.6394936 3.1623906 0.8548660 0.8055652 1.1031009 3.1686092 2.7978804 1.0637682 3.0477924 1.0627937 3.0477924 2.6938930 6.2695074 3.0712604 3.1666312 6.3819221 2.9278750 6.4114796 2.9587125 2.9891248 0.8489331 2.8888365 2.9937071 0.7892466 0.6555860 2.5813759 0.6298920 0.6261433 0.6087263 0.6341086 3.8163732 3.0427809 3.1823626 0.6762176 0.7297518 2.2228463 0.7154978 2.1372875 2.9689535 3.0953933 3.0533531 
YCyR2hit__Leptolyngbya_sp_FACHB_261__UniRef90_A0A926UF78                   2.2566980 0.7893094 0.0000000 0.4819752 2.6249863 2.5425933 0.8475368 0.5719799 0.9119856 0.6607282 2.4430977 0.5819350 1.0545130 0.5245826 2.5576013 2.6102895 2.5086565 2.6925479 2.6703491 2.6998967 2.7298612 3.0635591 2.7674756 2.8699729 2.9306196 2.4624777 2.7826487 2.4231068 2.4370642 2.9658563 1.7706292 1.8116115 1.9154990 1.9484412 2.1976550 2.3087231 2.1526577 2.2970967 1.9586549 2.2391858 2.4589294 2.2781230 2.2375181 2.0906366 5.3541763 5.5389881 5.2515385 5.4395655 5.1626122 5.5697459 5.2674329 5.1769508 5.4177849 4.8424667 4.8483375 4.9002655 5.4792089 5.1548576 5.2038334 5.5437450 5.4377675 5.5659216 5.3682306 6.1511329 5.7528678 6.0662697 5.6986114 6.4674452 6.4242829 5.6561688 5.2239304 6.2335474 5.9104970 5.9178853 5.5197592 5.3633259 5.3212333 5.3678846 5.3491396 5.1301366 5.0670432 5.5384733 5.2779914 5.2976853 5.6076632 5.3918570 5.4376407 5.5172971 5.3741089 1.0976902 3.0175044 2.9267681 2.7556259 3.0666825 2.7696807 2.8419433 2.2566980 2.7033098 6.0145873 2.7442424 0.7779951 5.5697459 0.7720424 2.9067572 1.0688984 0.7754182 1.9776505 1.9625885 1.9256558 1.9424981 1.9305686 1.9306909 1.9147390 6.4909207 1.0292929 2.9351152 5.4527503 2.2357202 2.1124511 2.6732018 2.9507697 0.6642612 0.6129883 0.8764973 2.9623373 2.9048350 0.8509647 2.9736795 0.8389716 2.9736795 2.8045890 6.7557138 3.0482756 2.9582216 6.9689976 3.0303703 6.8920273 2.9933770 2.9129548 0.6547376 2.6220661 2.6773902 0.6954907 0.5041569 2.2747395 0.5213729 0.4936297 0.5369818 0.5299184 2.9581006 2.7967846 2.8688799 0.5383415 0.5833163 1.7852625 0.5302078 1.7706292 2.6514000 2.6603539 2.6862130 
YCyR2hit__Hassalia_byssoidea_VB512170__UniRef90_A0A846HFU5                 2.3516629 0.6659958 0.4819752 0.0000000 2.7415194 2.7525586 0.7994701 0.4679713 0.8126790 0.5661879 2.8558604 0.5488570 0.9885639 0.3289290 2.6480836 2.8314529 2.7873310 2.9963231 2.9442615 2.9325986 3.1164825 3.2439937 2.8818401 2.9684684 3.0562798 2.8343420 2.9100924 2.7283798 2.8621859 2.8937784 2.0114189 2.0503055 2.1542542 2.2175292 2.2685496 2.4542186 2.2896128 2.4129778 2.2039388 2.3161190 2.5493733 2.4071378 2.2847373 2.3251193 5.3713220 5.6940906 5.7188967 5.5573431 5.4100756 5.6284436 5.4597744 5.4815696 5.6365321 5.0087525 5.4319155 4.9901927 5.7124656 5.0669226 4.9342342 5.2879867 5.2590188 5.5269656 5.0903388 5.5802320 6.4416530 5.7872207 5.2105619 5.8885302 6.1283295 5.3601436 4.9269965 6.0342757 6.5191239 5.7184327 5.9116817 5.7224172 5.9420075 6.1741407 5.8464984 5.7014542 5.5812395 5.6731812 5.6295764 5.8865738 5.6878421 5.6772369 6.1556980 5.9978074 5.7921240 1.0550606 2.9553255 2.8886080 3.0805098 3.2026013 3.0966814 2.9841919 2.3516629 2.8043966 6.3519213 3.0742140 0.6846814 5.6284436 0.7089308 2.8149955 0.9555361 0.5562294 2.2252602 2.2101816 2.1966332 2.1861295 2.2215829 2.2025172 2.1847073 6.4162425 1.0552494 3.0656969 5.6197449 2.4367611 2.2691409 2.6845885 2.9513629 0.5101935 0.4785470 0.6862973 2.7968903 3.0194550 0.6566892 2.7499925 0.6467586 2.7499925 2.9030862 6.2938409 3.0138280 2.9341570 6.3999017 2.7567008 6.3299646 2.7689595 2.8483616 0.4674485 2.7011520 2.8561838 0.4825365 0.2861152 2.7589917 0.2725714 0.2916554 0.3178538 0.3046798 3.3152499 2.7741569 2.7310146 0.3259382 0.3546869 2.0515553 0.3320038 2.0114189 2.9607137 2.7913269 2.8469343 
YCyR2hit__Halorientalis__UniRef90_A0A1G7PUC9                               2.6319922 2.9479223 2.6249863 2.7415194 0.0000000 1.2188388 2.3667139 2.4459889 2.4134857 2.6127158 0.2259634 2.6053360 2.6754587 2.7995492 1.2499948 1.2469561 1.2388657 1.2436213 1.2429234 1.2327593 1.0753518 1.5119572 1.4818904 0.9174035 1.3878296 1.1523758 1.0239816 1.2175013 1.1542237 0.9822610 2.2914883 2.2126792 2.4460465 2.3879300 2.1262913 2.5829336 2.1277288 2.4791108 2.2615254 0.6045041 0.6617059 0.7088966 0.6527459 0.6927706 4.7186010 5.3636063 5.3321092 5.1091641 5.3620311 5.4750042 5.2573423 4.4878692 5.1346747 5.0278662 5.0180628 4.1654747 5.1199048 4.7363459 4.9418975 5.1802710 6.3342283 5.8811105 5.7735360 5.1414577 5.1744968 5.7485825 6.1251598 5.4962558 4.7901065 5.2188161 5.2101400 5.2673266 5.6184028 5.4339802 7.1086252 6.7998022 6.8906075 6.8983147 7.1251234 7.2773016 7.1179264 7.2848200 6.2966541 6.9067004 6.8843315 6.6787930 7.1823589 7.0347289 6.1809634 3.1969437 3.4058569 3.4114790 3.3801611 3.9341126 3.1001700 3.0386646 2.5808651 3.0171319 7.2435855 3.1076919 2.7084459 5.4750042 2.6364465 3.5840669 2.7604702 2.5156723 2.2826539 2.2466867 2.2443026 2.2546063 2.2311449 2.2501514 2.2432592 7.5740573 3.0903602 3.2144588 6.9579929 2.5826418 2.5392134 3.0825525 3.5313674 2.4802890 2.4621471 3.2317361 3.3978795 2.9497707 3.2865103 3.2979506 3.3079919 3.2979506 2.9883893 7.7091054 3.7651073 3.6809595 7.8986201 3.5780321 7.8904170 3.5389577 3.6329095 2.8502470 3.0782496 3.1349305 2.7943628 2.6880141 2.6268631 2.7030313 2.5666102 2.6344559 2.6272929 3.5177242 3.3638463 3.3490875 2.9360741 2.8382134 2.3272724 2.8257727 2.2914883 3.0472214 3.3195604 3.3878788 
YCyR2hit__UnknownTaxon__UniRef90_P29563                                    2.7849687 2.7542073 2.5425933 2.7525586 1.2188388 0.0000000 2.8576492 2.5355360 3.0576863 3.0467526 1.0458796 2.6178531 3.1061878 2.8558771 0.2467036 1.1110709 1.1020241 1.1793723 1.1077368 1.0253750 1.0432649 1.0903522 1.2657669 0.8898526 0.8746017 0.2383261 0.8143397 0.2185740 0.1695594 0.7784424 2.2455493 2.3717251 2.4894849 2.5449435 2.4975445 3.0316006 2.6112941 2.7330752 2.5836560 1.1665976 1.2873174 1.2233147 1.1036113 1.2660394 4.6908821 5.3331213 5.3343342 4.9467978 5.3023248 5.2720464 5.2620025 4.3919057 4.7940042 5.0666776 5.2041252 4.4752010 4.7228211 4.4458791 4.5358749 4.9626537 5.1669488 4.9465808 5.1243455 5.4279197 5.0345983 4.7834006 5.0146714 5.8366376 5.2819686 5.2176346 4.5134560 4.8359002 5.3199068 5.3760401 5.3842903 5.4091599 5.1210804 5.3920287 5.4091960 5.8703139 5.5066763 5.8034652 4.8502942 5.7359743 5.3480950 5.0886777 5.2234819 5.2127895 5.2693256 3.7164157 3.4197618 3.4734233 3.3228902 3.6956399 2.9735514 3.2658887 2.6585846 3.1318576 7.0545998 3.0965924 3.1197968 5.2720464 2.9766717 3.4998533 3.0768187 2.5032719 2.6084457 2.5876621 2.6187715 2.5775696 2.5882838 2.6260247 2.6197922 7.7153855 3.0137410 3.1081415 7.2765719 2.8272008 2.8330052 3.3650633 3.1525516 2.6079488 2.6711332 3.2981597 3.3372893 2.9274136 3.3320949 3.2234097 3.3548248 3.2234097 2.9438883 7.0104027 3.3181326 3.4898336 7.2129632 3.5010534 7.0614343 3.3950808 3.4208614 2.7225997 3.1705594 3.1200231 2.6897977 2.7957002 2.7229454 2.7208580 2.6444856 2.6268903 2.6456156 3.5718344 3.3806202 3.4243634 2.8841343 2.8703919 2.2677610 2.7930540 2.2455493 3.0922790 3.3780235 3.4550069 
YCyR2hit__Leptolyngbya_ohadii__UniRef90_UPI000B5A185C                      2.4748092 1.1986819 0.8475368 0.7994701 2.3667139 2.8576492 0.0000000 0.8294433 0.1216462 0.9139193 2.3169977 0.9037858 0.9514115 0.9306496 2.7910396 2.9720519 2.9635290 3.0146875 2.9454581 3.0726706 3.0221266 3.5810020 2.8140437 3.0628313 3.2628141 2.8943987 2.8718674 2.9846740 2.9933523 2.9860592 2.2288840 2.1768172 2.3709632 2.3005676 2.1833513 2.7486767 2.2797138 2.4797125 2.2553405 2.3485218 2.5762813 2.5020772 2.2143968 2.4193976 5.1990642 5.7141051 5.6655450 5.5137936 5.5746512 5.9318158 5.3669408 5.1264652 5.1978813 4.5251228 4.7979426 4.5520844 5.0103946 4.7801304 4.7935542 5.7597429 5.4971448 5.7227541 5.3999223 5.5494733 5.5410624 5.2973728 5.4597504 6.0404150 5.9228316 5.3231964 5.5933671 6.1363847 5.6726900 5.4112545 5.6821313 5.5230204 5.7137561 5.8932171 5.5666216 5.0924465 5.2056259 5.4808605 5.5901671 5.8399346 5.3584549 5.4754491 6.1402812 5.9512784 5.3636646 1.0318476 3.5367370 3.4825685 3.3445292 3.3364858 3.4502713 3.0491325 2.4748092 3.1733362 6.4347428 3.2740844 0.7517276 5.9318158 0.8288011 3.3893745 0.9760345 0.8941038 2.2625924 2.2398760 2.2165131 2.2473783 2.2688875 2.2225098 2.2146993 6.7785864 1.3390942 3.2983819 5.7814812 2.5008548 2.4668482 2.6260673 3.4069025 0.9078800 0.8759766 1.1960817 3.2945460 3.6546778 1.1990231 3.2116370 1.1837088 3.2116370 3.4498865 6.5754418 3.4478208 3.3508185 6.6479701 3.2814718 6.5779748 3.2321362 3.2811293 0.9782697 2.9630622 3.0918634 1.0231634 0.9557506 2.8345210 0.8478675 0.9194251 0.8831399 0.9019446 3.6264994 3.3304405 3.2712182 0.8632357 0.8879767 2.2951832 0.9182071 2.2288840 3.1632296 3.0444278 3.0986598 
YCyR2hit__Aliterella_atlantica_CENA595__UniRef90_A0A0D8ZW42                2.3279828 0.7159751 0.5719799 0.4679713 2.4459889 2.5355360 0.8294433 0.0000000 0.8396858 0.5879653 2.2320638 0.5844168 1.0031620 0.4717459 2.3174161 2.5997873 2.5682953 2.8271279 2.6216851 2.6409799 2.6779733 2.9442679 2.3681978 2.6570820 3.0623352 2.5258477 2.3826149 2.4282739 2.4328826 2.5959307 2.0374169 2.1614824 2.1508115 2.1911456 2.1027928 2.5669971 2.1353689 2.3547111 2.2269033 2.4701689 2.5609442 2.5111170 2.2986275 2.3927071 4.8396902 4.5726811 4.5683700 4.4650350 4.5977198 4.7453458 4.5024399 4.6280708 4.8072119 4.0901803 4.5340182 4.1470802 4.8191272 4.3653422 4.4356978 4.8468117 5.0084691 4.9393870 4.7417255 4.8988750 5.1524343 4.5277066 4.4220735 5.1394569 5.3616559 4.3129316 3.8332134 4.5248915 5.1316486 4.7445097 4.9048513 4.8152698 5.0145604 5.2215632 4.8540074 5.1695135 4.8459560 5.0234736 4.5448754 4.8624529 4.7944559 4.6113465 5.0563458 4.7313393 4.7749403 1.1742647 3.2435862 3.2955470 3.1090992 3.3466117 2.7844255 3.0311089 2.3279828 2.9552384 5.3022296 2.8765907 0.6870279 4.7453458 0.7382081 3.1748480 0.9948768 0.6143917 2.2483825 2.2276886 2.2174361 2.2458222 2.2230560 2.2233734 2.2422914 5.5033288 1.0171349 3.1246847 5.0857745 2.5026490 2.3388470 2.7616471 3.0204854 0.1601254 0.1544022 0.7645180 2.9186893 3.0486728 0.7228142 2.9092162 0.7120650 2.9092162 2.9007397 5.5914484 3.1712301 3.1074454 5.6861033 3.0058225 5.6256856 2.9173050 2.9757992 0.6200706 2.6954588 2.7812447 0.6124914 0.5160521 2.6606325 0.4569432 0.4605856 0.4642557 0.4647230 3.1664157 2.8717778 2.8654319 0.4910691 0.5183676 2.1186620 0.4765145 2.0374169 2.9632057 2.8459186 2.8912075 
YCyR2hit__Cyanobacteriota__UniRef90_A0A926PVG5                             2.3805186 1.0871458 0.9119856 0.8126790 2.4134857 3.0576863 0.1216462 0.8396858 0.0000000 0.9310626 2.4668583 0.8605495 0.8626761 0.9335411 2.8553744 2.9550299 2.9816840 2.8931151 2.9511044 2.9980170 3.1615160 3.6443299 2.9114788 3.0930504 3.2621475 2.8854550 2.9134421 2.9913085 3.0319847 3.0679958 2.2229831 2.1946824 2.3911739 2.2038709 2.2339452 2.8823996 2.3394481 2.3686201 2.2125893 2.4312707 2.6501983 2.5888575 2.2964282 2.5180562 5.5945460 5.6840937 5.6838613 5.6138262 5.6310058 5.8855239 5.3847774 5.0098451 5.5756592 4.8465144 5.0705483 4.6990832 5.0768058 4.9895896 5.0081858 5.8264837 5.4558444 5.5863175 5.5051426 6.2226175 5.6005614 5.5301218 5.8984448 6.3719477 6.1771213 5.4603035 5.3539700 6.2386441 5.6577522 5.6600269 6.0614484 6.1445149 6.3671732 6.4549444 6.1553583 5.6581057 5.7637142 6.0831157 5.7908708 6.1677597 5.8853950 6.1888092 6.7491233 6.3917760 5.8466896 1.0856898 3.4490792 3.4085883 3.3338567 3.1191984 3.4774282 2.9874794 2.3805186 3.1151896 6.8983795 3.1783068 0.7312108 5.8855239 0.7640060 3.2674522 0.9129799 0.9103237 2.2196374 2.2106789 2.1748742 2.2071269 2.2136937 2.1568194 2.1515370 7.2049590 1.2725491 3.2641454 6.2357630 2.4745273 2.4992774 2.4133494 3.4097890 0.9748582 0.9007915 1.1801814 3.1965674 3.4416834 1.1968061 3.1111077 1.1816969 3.1111077 3.2599122 6.9656170 3.3278032 3.3522607 7.0413118 3.1987262 7.0564086 3.2214038 3.2781605 1.1042840 2.9210867 3.0477043 1.0974351 0.9865225 2.8342689 0.8847691 0.9567479 0.8806911 0.8910599 3.5019219 3.2439398 3.2065886 0.9136917 0.9257828 2.2918143 0.9212011 2.2229831 3.1032993 3.0197970 3.1231173 
YCyR2hit__Microcoleus_sp_FACHB_1515__UniRef90_A0A926U182                   2.4228325 0.8494605 0.6607282 0.5661879 2.6127158 3.0467526 0.9139193 0.5879653 0.9310626 0.0000000 2.6363164 0.5816004 1.1103199 0.5534467 2.9388476 2.9069567 2.8505643 2.9208814 2.9212056 2.9797037 3.2297414 3.5157687 3.1265531 2.7698348 3.2317436 2.8387204 2.7855860 3.0240614 3.1097285 3.0782295 2.1071051 2.1777297 2.1673252 2.1007185 1.9910591 2.5395807 2.3516522 2.4259839 2.1607666 2.3400389 2.4574924 2.4948940 2.2495092 2.3879360 4.5216260 4.8319263 4.6610237 4.6990643 4.4250670 4.7417974 4.8345835 4.8485250 4.8062224 4.1400430 4.5072834 4.4552434 4.6525435 4.8442449 4.3748668 4.8040159 4.6600692 4.7289518 4.6442961 5.1466852 5.6013904 5.6481376 5.1515876 5.6124833 5.9043421 5.1660494 4.6742673 5.1960807 5.3933876 5.5814704 5.9700140 5.6267438 5.7341647 6.1438292 5.7579464 5.5717137 5.5331856 5.7218820 5.7767474 5.7892150 6.1559952 5.6715787 6.0339620 5.9938567 5.8420067 0.9944518 3.2065992 3.2115663 3.2159244 3.2057876 3.1167438 3.1098937 2.4228325 3.0224687 6.6352672 3.2816847 0.7421692 4.7417974 0.8064609 3.1326907 1.0519358 0.6188934 2.1816468 2.1589283 2.1539849 2.1792570 2.1594594 2.1597336 2.1782542 6.1577370 1.2021402 3.1682996 5.7079048 2.3672197 2.2210873 2.7344594 3.1238989 0.6198734 0.5992537 0.9346411 2.9022918 3.1011052 0.9258162 2.8954667 0.9130293 2.8954667 2.9154142 6.5544242 3.1113154 3.0802882 6.7571794 2.8475383 6.6837784 3.0079982 3.1195889 0.6583126 2.7777450 2.8598690 0.7074169 0.5558773 3.0274640 0.5385384 0.5546044 0.5654134 0.5727488 3.2419188 2.9371752 2.8125050 0.5783799 0.5843416 2.1763895 0.5591842 2.1071051 3.0464873 2.8938293 2.9659942 
YCyR2hit__Halorientalis_marina__UniRef90_UPI001FF6C9D7                     2.5342463 3.0786964 2.4430977 2.8558604 0.2259634 1.0458796 2.3169977 2.2320638 2.4668583 2.6363164 0.0000000 2.6294171 2.5414773 2.8618885 1.1359097 1.1391334 1.1491383 1.1347129 1.0825870 1.1337500 0.9592776 1.2853814 1.2696458 0.8914860 1.2133812 1.0521539 0.9435264 1.0948186 1.0533486 0.9525543 1.9968825 1.9948045 2.2421357 2.4049088 1.9358168 2.3920138 1.9349118 2.3675284 2.2054798 0.7028761 0.7201630 0.7467678 0.6942589 0.7495558 4.6646232 4.8955941 4.7537438 4.5081457 4.7593406 5.0407070 4.9860768 4.3218484 4.8488222 4.5777300 4.5270869 3.8690417 4.9468940 4.6015667 4.8264148 4.5813211 5.9075880 5.7076777 5.3999210 4.8516156 4.9518206 5.1781917 5.4534503 5.3056380 4.7222708 4.8570560 4.6730134 4.8394441 5.1838716 5.2623960 6.7000886 7.0633549 6.3584022 6.5908566 6.7843849 7.1816683 6.7041431 7.0836079 6.2037516 6.8195430 6.8106115 6.3578770 6.8427074 6.6250054 5.6286957 2.9452502 3.5720255 3.6769554 3.4873888 3.8516107 3.1134038 3.1435114 2.4836782 3.2563405 6.5550084 3.1819229 2.3734589 5.0407070 2.4055652 3.7011154 2.6302637 2.4070691 2.2266516 2.1906345 2.2344878 2.1986122 2.2210587 2.2404562 2.2334279 6.6954527 2.9404482 3.4872405 5.8043846 2.4095049 2.3799489 2.9359604 3.5327386 2.2843006 2.3439414 3.0391746 3.3710726 3.1767976 3.1071500 3.1968978 3.1273921 3.1968978 3.2181196 7.2856025 3.7376214 3.6861671 7.4785202 3.9509038 7.4680974 3.6749430 3.8189360 2.6653554 3.2916877 3.2752167 2.5422494 2.5310683 2.7411284 2.6692465 2.5307592 2.5373665 2.4911279 3.8276857 3.3695458 3.4681276 2.8951209 2.7965505 2.0312550 2.8894777 1.9968825 3.2108857 3.4396585 3.5415095 
YCyR2hit__unclassified_Leptolyngbya__UniRef90_UPI0016884D19                2.4621581 0.6598239 0.5819350 0.5488570 2.6053360 2.6178531 0.9037858 0.5844168 0.8605495 0.5816004 2.6294171 0.0000000 1.0903329 0.5537651 2.5620157 2.6982454 2.5426072 2.8257515 2.8732702 2.7689677 2.9636938 3.4043512 2.7886539 2.9440243 3.0989566 2.6167861 2.8307231 2.6236321 2.5050837 3.0298645 1.9969898 2.0146115 2.2082446 2.1610327 2.0921010 2.4711046 2.2739719 2.3143940 2.2453203 2.4891812 2.5908392 2.4414272 2.2732822 2.3672858 5.1354124 4.9682473 4.9446666 5.0155207 4.7801393 5.0205663 5.3185459 4.8304142 5.0329623 4.5312563 5.0021943 4.2606006 5.5242911 4.8222072 4.7061990 5.3080378 5.1828530 5.3908057 4.5608855 4.9178788 5.4929252 5.2051979 5.0824608 5.2925758 6.0779134 5.1572224 4.3738143 5.1410388 5.5709247 5.4147322 5.8200815 5.7184218 5.8061431 6.0253228 6.0275571 5.8735806 5.8795774 5.7535582 5.6546317 5.6936207 6.1249294 5.6716934 6.5057355 5.9776818 5.9628258 0.8679867 3.4134079 3.4391436 2.9143646 3.1524921 2.7665783 2.8620130 2.4621581 2.6876432 5.7340476 2.8199713 0.6911256 5.0205663 0.7022569 3.1950630 1.0922414 0.5701185 2.2670662 2.2460990 2.2183302 2.2644451 2.2582754 2.2242948 2.2432967 5.9086986 1.1733114 3.1947124 5.7520789 2.5326316 2.5275745 2.5794276 2.9400891 0.6860979 0.6495790 0.9244480 2.8692252 2.8008018 0.8832316 2.8728084 0.8713329 2.8728084 2.6404278 5.8733818 3.0994119 3.0111719 5.9447209 2.8912218 5.9532029 2.9296088 2.9128302 0.6693208 2.7025264 2.7866568 0.6605543 0.5786852 2.5602381 0.5135552 0.5461160 0.5602935 0.5655889 3.4371323 2.8698907 2.8117364 0.5110047 0.5455066 2.0267394 0.5594120 1.9969898 2.8847095 3.0084186 2.9438645 
YCyR2hit__Leptolyngbya_sp_NIES_2104__UniRef90_A0A0P4V0S4                   2.6184742 1.1444116 1.0545130 0.9885639 2.6754587 3.1061878 0.9514115 1.0031620 0.8626761 1.1103199 2.5414773 1.0903329 0.0000000 1.1837959 2.9474071 3.1149626 3.0057514 3.0549226 3.2396924 3.1272023 3.2352027 3.6908558 3.2682774 3.7473638 3.2699979 3.0784314 3.1691964 2.9986144 3.0223598 3.2654769 2.4568522 2.6299304 2.7965124 2.6744499 2.8364663 2.9521410 2.7100632 3.0690535 2.7173551 2.5137803 2.6241875 2.6879833 2.2875634 2.4519100 5.7678513 5.6885620 5.6837787 5.4840427 5.4795315 5.6452082 5.8367502 5.6049039 5.6000922 5.5582385 5.5312186 5.6897912 5.6663122 6.1651297 5.5997019 6.4230121 5.9997288 6.4313105 6.6504094 6.3643898 6.8357678 6.5594719 5.5824934 6.6911236 7.1253347 6.0553723 5.4170106 6.4174363 6.8098483 6.5631558 6.6959592 6.2285005 6.2066740 6.3406655 6.0294859 6.0395821 5.6396687 6.1606054 6.1935851 6.6808545 6.4251249 6.1498551 6.8673098 6.4745797 5.8944250 1.1673516 3.8224593 4.1119331 4.0525739 4.0190359 3.4622344 3.5076844 2.6184742 3.4747324 6.8672646 3.6610305 0.8171052 5.6452082 0.8424903 4.1756020 0.1325903 0.9052018 2.7440113 2.7259061 2.7057670 2.7063047 2.7720141 2.7127652 2.7017306 6.4751417 1.3807937 3.5024207 6.4913687 2.9078570 2.9047537 2.8737165 3.6745634 1.0730566 1.0129057 1.2671435 3.6122019 3.7432937 1.2407378 3.7433915 1.2458027 3.7433915 3.8338120 7.1046439 4.0588287 3.8943874 7.3067193 3.7269061 7.1217976 3.7253626 3.6798477 1.2291002 3.5595269 3.5569165 1.2287551 1.1635295 3.0052571 1.1072157 1.1198261 1.1547918 1.1471608 3.9904440 3.5586919 3.7827224 1.0923321 1.1616993 2.4701567 1.1516262 2.4568522 3.9200989 3.5809776 3.6489874 
YCyR2hit__unclassified_Nostoc__UniRef90_A0A252DUV9                         2.5001288 0.7184649 0.5245826 0.3289290 2.7995492 2.8558771 0.9306496 0.4717459 0.9335411 0.5534467 2.8618885 0.5537651 1.1837959 0.0000000 2.7843851 2.9560897 2.8391789 3.0814905 3.0544408 3.0804584 3.1630697 3.3084359 2.9062335 3.1305979 3.3625183 2.8601852 2.9578117 2.8355052 2.9009015 3.0576158 1.9893240 2.0385192 2.0134684 2.0895367 2.1155794 2.3511447 2.1419891 2.3216814 2.2088201 2.3259015 2.6800652 2.3610387 2.2788394 2.3189684 5.3709207 5.4631874 5.3202009 5.5348263 5.2205722 5.5196936 5.6285307 5.1302955 5.3842290 4.7565275 5.0824449 4.9222699 5.7380904 4.7730182 4.9695780 5.3911845 5.3921136 5.4214677 5.1204738 5.0241851 5.6803609 5.8274320 5.0277136 5.2664188 5.7741471 5.3006716 4.3905515 5.3785496 5.6869499 5.3978239 6.0331415 5.8834964 6.0385955 6.3727578 5.9486665 6.0024349 5.5954089 5.8363580 5.5568949 5.7631015 5.7076443 5.4423621 5.9039064 5.8333449 5.7662970 1.0754526 3.2353988 3.3152070 2.9835216 3.4380097 3.0085227 3.0934036 2.5001288 2.8925367 5.9729818 3.0778955 0.7329740 5.5196936 0.7068176 3.1076285 1.0493780 0.5982916 2.2301453 2.2127652 2.2050018 2.2276308 2.2105986 2.2109078 2.2297708 6.4839474 1.1205769 3.2115005 5.7214531 2.2855061 2.1376605 3.0571157 3.1956210 0.5363886 0.5197383 0.7260838 3.0932517 2.8697122 0.6938147 3.1527423 0.6834111 3.1527423 2.7834078 6.3942812 3.2414702 3.1907186 6.4992108 3.0424722 6.4297073 3.1231202 3.1192361 0.3619204 2.7259701 2.7984593 0.3832897 0.2226033 2.6640413 0.1766437 0.1860571 0.1807722 0.1889092 3.6263277 3.0396138 3.0307271 0.1914540 0.2058655 2.0474397 0.0088083 1.9893240 2.8816659 2.8783965 2.9402860 
YCyR2hit__Natronomonas_moolapensis__UniRef90_M1Y5I7                        2.7471106 2.8175733 2.5576013 2.6480836 1.2499948 0.2467036 2.7910396 2.3174161 2.8553744 2.9388476 1.1359097 2.5620157 2.9474071 2.7843851 0.0000000 1.1379270 1.1842676 1.2219939 1.1410553 1.0662924 1.1307678 1.1644415 1.3126825 0.9690868 0.9115151 0.2442015 0.8278691 0.2437593 0.3171359 0.8331341 2.4521118 2.5385986 2.6576323 2.8495251 2.6250513 3.4237158 2.5235860 2.9203623 2.7975036 1.3169521 1.3936483 1.3695099 1.2551775 1.3472558 5.0405174 5.3905361 5.5741975 5.1506138 5.3644322 5.3034430 5.5312431 4.5516653 5.0837355 4.8553180 5.1507261 4.4550892 4.7914115 4.6061729 4.7551852 4.9763813 5.3940519 5.1038074 4.9342326 5.3915031 5.0848703 4.5957771 5.1702019 5.8695553 5.2201762 5.0059877 4.4137964 4.9217123 5.5746617 5.3794048 5.5675906 5.4403433 5.2775643 5.3980324 5.5272860 5.8359814 5.3749622 5.7850823 4.8281323 5.9143406 5.8294663 5.2624478 5.2996745 5.2336414 5.3529915 3.6398804 3.6088099 3.6651990 3.2910101 3.8957453 2.9969869 3.1706213 2.6656617 3.2168733 6.9948616 3.0882830 2.9857600 5.3034430 2.8361280 3.8301784 3.0119431 2.4291084 2.8243898 2.8016016 2.8363918 2.7907714 2.8027774 2.8444021 2.8374991 7.7183350 2.8017374 2.9802534 7.8592682 2.7148571 2.7931921 3.4516523 3.2829021 2.4072920 2.3772960 3.1763350 3.4130890 2.9405802 3.2190988 3.3227735 3.2407417 3.3227735 2.9568460 7.6264160 3.4943919 3.6273752 7.6468213 3.7031432 7.5991917 3.6191521 3.6451917 2.6284787 3.2222881 3.2434546 2.5851971 2.7514839 2.9927421 2.5712407 2.6482531 2.5842708 2.5838671 3.7123918 3.4917529 3.4916499 2.8192631 2.7948685 2.4438283 2.6980041 2.4521118 3.1929727 3.3768951 3.4530886 
BRhit__Halobacterium__UniRef90_P02945                                      3.5925187 3.0472893 2.6102895 2.8314529 1.2469561 1.1110709 2.9720519 2.5997873 2.9550299 2.9069567 1.1391334 2.6982454 3.1149626 2.9560897 1.1379270 0.0000000 0.0842077 0.2065603 0.2462258 0.2014033 0.3802098 0.6938934 0.7399525 0.8541070 0.9151411 0.9573462 0.8764585 1.0014274 1.0192957 0.9379965 2.6094641 2.6615888 2.8234273 2.8019588 2.5838856 3.2978816 2.4887463 2.8612301 2.5392567 1.1928819 1.3254321 1.2348190 1.2113451 1.2980074 5.0883580 5.2626573 5.4543152 5.1073919 5.0103060 5.1849419 4.9477087 4.3442201 4.5846135 4.5795977 4.7178795 4.0146044 4.4850105 4.1945816 4.2067588 4.7357724 5.3214419 5.3966697 4.4646109 4.6661075 4.9528274 4.1450788 5.0379143 4.8705954 5.0991064 4.4999294 4.3473688 4.7993951 5.1144747 5.0197400 5.6641871 5.4505266 5.3366760 5.6836244 5.1080651 4.8977799 4.7100276 5.2089429 5.5279706 5.1717582 5.4132372 5.5542091 5.2824853 5.5703977 5.4092749 3.7697966 3.9644433 4.0791143 4.3954855 4.1126625 4.0043827 3.8854904 3.5201118 4.1354675 6.0195829 4.1336636 3.1133173 5.1849419 2.9108208 3.8607151 3.1916117 2.5470828 2.5631592 2.5431731 2.5204178 2.5262485 2.4900368 2.5272042 2.5142329 6.5241477 3.0495687 4.7570199 6.3936028 3.0417138 3.1125272 3.8779072 4.1076873 2.6827503 2.6567309 2.9228725 4.1443093 3.3580906 2.9737779 4.1958173 2.9926212 4.1958173 3.3466450 5.9566782 4.3472381 4.4072970 6.1458535 4.2246827 6.1342441 4.2028751 4.3693871 3.0936279 4.4206166 4.4203438 3.0070969 2.9237007 2.8812446 2.8332413 2.8824451 2.8447230 2.7814527 4.1929076 4.1591752 4.1877021 3.2087207 3.2071530 2.6811899 2.9852602 2.6094641 4.3123757 4.5690195 4.6448668 
BRhit__Halobacterium__UniRef90_UPI001F011AB0                               3.6529605 2.9525418 2.5086565 2.7873310 1.2388657 1.1020241 2.9635290 2.5682953 2.9816840 2.8505643 1.1491383 2.5426072 3.0057514 2.8391789 1.1842676 0.0842077 0.0000000 0.1992042 0.2581120 0.1765896 0.4064823 0.7173165 0.7280390 0.8346993 0.8874173 0.9641431 0.8459051 0.9788840 0.9857473 0.8968670 2.5155826 2.6406028 2.7272084 2.6891085 2.4710469 3.1372598 2.4610018 2.7483181 2.4212144 1.2189122 1.3222474 1.3029211 1.2477551 1.3201576 4.9321920 5.0133982 5.2300878 4.8690303 4.9750816 5.0411839 4.7338177 4.3434547 4.5979143 4.3081676 4.5306813 4.0550175 4.2281489 4.1231036 4.0519323 4.5621488 5.3206468 5.1964545 4.4019587 4.6913057 5.1151504 4.0893488 4.9784840 4.8181348 5.1007324 4.4579888 4.3388537 4.7792080 5.1558238 4.8634220 5.8314176 5.3386264 5.2975165 5.9111480 5.1368425 5.0191110 4.7929686 5.2297336 5.5758154 5.2661331 5.4518049 5.4746228 5.0391221 5.5654962 5.3691725 3.4406819 3.9913657 4.1106955 4.4557467 3.9417881 3.9541685 3.8096256 3.6012010 3.8228543 5.9723108 3.9936484 2.8639466 5.0411839 2.7183304 3.7634962 3.1276510 2.5495643 2.4439209 2.4250856 2.4030631 2.4089683 2.3744375 2.4094423 2.3972324 6.3486074 2.9836010 4.5799929 6.5641250 3.1692509 3.2433924 3.8468833 3.9502463 2.5721880 2.5345444 2.8337047 4.1358729 3.2445051 2.8828211 4.1606486 2.9008736 4.1606486 3.2343969 5.9725643 4.1560156 4.2016737 6.1642340 4.1013476 6.1524875 4.2172418 4.2006088 3.1119778 4.3312236 4.2594130 2.9784373 2.7610652 2.7708653 2.7789646 2.7709950 2.7292059 2.6799028 4.0692208 4.1229350 4.1515369 3.0464391 3.1259749 2.5983473 2.8673356 2.5155826 4.1983790 4.4480274 4.5193213 
BRhit__Haloplanus__UniRef90_A0A6B9F3P5                                     3.5969949 3.0025045 2.6925479 2.9963231 1.2436213 1.1793723 3.0146875 2.8271279 2.8931151 2.9208814 1.1347129 2.8257515 3.0549226 3.0814905 1.2219939 0.2065603 0.1992042 0.0000000 0.1685524 0.1658213 0.2158173 0.6977929 0.7422152 0.8251115 0.9613612 1.0697458 0.9146680 1.0821141 1.1067433 1.0031783 2.6422892 2.7954259 2.9029932 2.7604160 2.5487698 3.2672271 2.5073334 3.0222988 2.5082550 1.1836187 1.2539428 1.2624156 1.2538787 1.3018291 5.2312390 5.2400039 5.4293325 4.7504864 5.3008554 5.0016074 5.0579040 4.4320692 4.5401460 4.5621777 4.6709754 4.3508790 4.2762087 4.6655091 4.1872995 4.8929350 5.4799075 5.2993189 4.7123846 5.2417705 5.4505071 4.1258055 5.3531771 5.3713438 5.3117838 4.5663253 4.6848324 4.7377053 5.6124430 5.0107544 6.1601245 5.8045861 5.7311051 6.4125313 5.6699684 5.6159872 5.4197758 5.7689186 5.2993598 5.6556097 5.9080022 5.9927414 5.3427963 5.6446619 5.4630033 3.7456077 3.8845714 3.9998234 4.5042354 4.1255279 3.9884779 3.8270745 3.4147300 3.9757767 6.0996404 3.9855896 3.0477941 5.0016074 2.8891322 3.8193695 3.2150297 2.6442598 2.5318100 2.5121536 2.4896196 2.4954643 2.4597386 2.4962901 2.4835352 5.9685944 3.1273269 4.5084336 6.2599118 3.3789520 3.5360901 3.7234906 4.1809273 2.8759968 2.7650718 3.0472122 4.0529466 3.4146706 3.1333994 4.0304000 3.1538945 4.0304000 3.4026347 6.0404871 4.3493727 4.3102842 6.1559515 4.3173287 6.1882161 4.2686389 4.4230235 3.1990005 4.2365059 4.2093368 3.1495993 2.9686045 2.8849185 2.8871104 3.0237866 2.9685097 2.9628219 3.9682633 4.1060710 4.1420027 3.3674252 3.3592918 2.7112354 3.1127172 2.6422892 4.2881899 4.4218886 4.5641397 
BRhit__Haloplanus_natans__UniRef90_UPI000A5CE34D                           3.6629818 3.0173639 2.6703491 2.9442615 1.2429234 1.1077368 2.9454581 2.6216851 2.9511044 2.9212056 1.0825870 2.8732702 3.2396924 3.0544408 1.1410553 0.2462258 0.2581120 0.1685524 0.0000000 0.1727746 0.2879029 0.6019751 0.6630847 0.7706502 0.9509971 1.0342413 0.8284968 1.1396565 1.1641260 0.9038931 2.5212040 2.6399414 2.7355028 2.5984775 2.4139975 3.2178655 2.2483905 2.9819570 2.4756278 1.1975818 1.2662592 1.2107246 1.1799922 1.2318962 5.0611320 5.1732984 5.1236248 4.6540515 5.0259442 4.9799776 4.9680716 4.4625179 4.5874969 4.4618352 4.4407568 4.1731058 4.2511450 4.5858371 3.9096110 4.9002607 5.5688116 5.2993208 4.7582599 5.0000782 5.2781057 4.3437180 5.1970749 5.2044470 5.3996843 4.6241557 4.5080294 4.9290072 5.5843693 5.1968514 6.0172072 5.7360639 5.3589376 6.1367391 5.4866945 5.4360779 4.9214718 5.4606145 5.8166856 5.3899116 5.5739355 5.6824960 5.4795650 5.8881905 5.0788443 3.8234698 3.7543663 3.8624309 4.3221238 3.9319729 3.8237043 3.7964111 3.4790947 4.0253152 5.9318493 4.1350871 2.8844554 4.9799776 2.7754535 3.7045788 3.3945719 2.8061515 2.4991487 2.4795631 2.4569478 2.4628884 2.4271843 2.4635886 2.4508858 6.4592449 2.9617793 4.4672816 6.2526592 3.0918182 3.1235379 3.7164856 4.2544541 2.6546623 2.6502322 3.0357068 3.9650964 3.2764804 3.0893539 3.9430946 3.1094618 3.9430946 3.2659731 5.9045428 4.1924517 4.2464747 5.9774889 4.2317183 6.0277396 4.4254740 4.2417706 3.0592571 4.0381860 4.0446599 2.9035862 2.8102924 3.0971730 2.8988870 2.9310448 2.9258919 2.9188109 4.0276141 3.9535607 4.0089739 3.2136793 3.2120838 2.6251793 3.0380637 2.5212040 4.1985045 4.2313443 4.3506892 
BRhit__Halobaculum_rubrum__UniRef90_UPI001CA389E1                          3.5636441 3.1085081 2.6998967 2.9325986 1.2327593 1.0253750 3.0726706 2.6409799 2.9980170 2.9797037 1.1337500 2.7689677 3.1272023 3.0804584 1.0662924 0.2014033 0.1765896 0.1658213 0.1727746 0.0000000 0.2595753 0.6034549 0.7213705 0.7903840 0.8432914 0.9710066 0.8080762 1.0227433 1.0389301 0.9369356 2.5015777 2.6297063 2.8233548 2.7625390 2.5030698 3.3664341 2.4492303 2.8573993 2.4933394 1.1790722 1.2778875 1.2604384 1.2221652 1.2986582 4.9294921 4.9209013 4.9860014 4.6639734 4.9384897 4.7684735 4.6967601 4.3248621 4.7887237 4.4469173 4.5851984 4.0318895 4.3332142 4.3415529 4.0981791 4.5767792 5.0670397 4.9767430 4.4812759 4.7157839 5.3206776 4.0209008 5.0104317 4.9374982 5.1054492 4.5290106 4.4314672 4.3744359 5.4501331 5.2391028 5.6585099 5.1770888 4.9901238 5.4569473 4.8320288 4.8700761 4.5849841 4.7536057 5.5197867 4.9613296 5.0543630 5.1479650 5.2207038 5.5529420 4.8609179 3.7769190 3.8632181 4.0251102 4.4058678 3.9245754 3.6517322 3.6128533 3.4351348 3.8503034 5.6487857 3.9717418 2.9680360 4.7684735 2.8185686 3.7959765 3.2986627 2.7431705 2.5167786 2.4972381 2.4747609 2.4677077 2.4450524 2.4813905 2.4557908 6.3026801 3.0207830 4.3164930 6.1432980 3.3293483 3.4300971 3.7835574 3.8715552 2.6587238 2.5935998 3.1286034 4.0142192 3.3768554 3.1849408 4.0306773 3.2058744 4.0306773 3.3651862 5.9233107 4.2049919 4.1277203 5.9365702 4.1096287 5.8918473 3.9930273 4.2844212 3.1329781 4.1599127 4.1682267 3.0772944 2.9920213 2.8959694 2.8807547 2.9146863 2.9251055 2.9211855 4.0782057 4.0684483 4.1598546 3.2861611 3.2768063 2.5672391 3.0643345 2.5015777 4.1135148 4.4048374 4.4987267 
BRhit__Halohasta_salina__UniRef90_UPI002110EEC8                            3.3908906 3.0685130 2.7298612 3.1164825 1.0753518 1.0432649 3.0221266 2.6779733 3.1615160 3.2297414 0.9592776 2.9636938 3.2352027 3.1630697 1.1307678 0.3802098 0.4064823 0.2158173 0.2879029 0.2595753 0.0000000 0.6099695 0.8603621 0.7777342 0.9742821 1.0073813 0.8664493 1.0837706 1.0784179 0.8406830 2.5467314 2.6771722 2.6052605 2.6495559 2.5821631 3.1358944 2.3413063 2.6201672 2.7027986 1.0539617 1.1131768 1.1963948 1.0990402 1.2583670 4.7778001 5.1937278 5.3168155 4.7235428 5.0721955 5.3243423 5.1310972 4.2107970 4.6048828 4.8746892 4.8956410 4.2646917 4.2439029 4.3538502 4.2700471 4.5280462 5.5401760 5.3489431 4.7002877 4.6839033 5.9871466 3.9952664 5.4402194 4.6819333 5.3660066 4.5455221 4.7665430 4.6924362 5.5970448 4.9910328 5.8815955 5.6500930 5.4498092 5.9677240 5.3748929 5.5922806 5.1706200 5.5774387 5.5820807 5.1882784 5.3179077 5.4446277 5.4150565 5.5486984 4.9263114 3.8688006 3.8661663 4.0224912 4.2069639 4.2149427 3.4241445 3.7405564 3.1986608 3.7606042 5.6261961 3.7313132 2.9668521 5.3243423 3.0191258 3.8523830 3.4122563 2.8020865 2.7285133 2.7068146 2.6829059 2.6886433 2.6498264 2.6903091 2.6761901 6.2855977 3.0915585 4.3139149 6.2898390 3.3535205 3.3818668 3.9105804 4.1992863 2.7317615 2.7644166 3.2416049 4.2202529 3.4454884 3.3349323 4.1041179 3.3574978 4.1041179 3.4330534 6.3080214 4.3363636 4.3230561 6.3677434 4.4549718 6.5210371 4.2406361 4.4657037 3.1732353 4.1904479 4.1920940 3.0998316 2.9907506 2.9483224 2.9713841 2.9598580 3.0103209 3.0146035 4.3751372 4.1953022 4.3630135 3.3466151 3.5396285 2.6309840 3.1950033 2.5467314 4.0789547 4.1796046 4.3018605 
BRhit__Halobacteriales_archaeon_QS_8_69_26__UniRef90_A0A2R6JS63            3.6595867 3.5464114 3.0635591 3.2439937 1.5119572 1.0903522 3.5810020 2.9442679 3.6443299 3.5157687 1.2853814 3.4043512 3.6908558 3.3084359 1.1644415 0.6938934 0.7173165 0.6977929 0.6019751 0.6034549 0.6099695 0.0000000 0.6887399 0.7139696 0.8877401 1.1058145 0.9278607 1.1410666 1.1115586 0.8207533 2.7962530 2.9083284 3.1387108 3.1199947 2.8452633 3.7596905 2.7719388 3.2713926 2.9719416 1.3943543 1.4856777 1.5425789 1.3764415 1.5854187 4.4228806 4.5417065 4.5543640 4.5799094 4.3568380 4.5860172 4.4626370 4.2708634 4.5601762 4.6982940 4.7541653 4.0809257 4.2350037 4.0266646 4.1085888 4.4473695 5.1065232 5.0543600 4.5998492 4.5031530 4.9323106 3.8705738 5.1657851 4.6263459 4.8115502 4.6504349 4.4932788 4.5945340 4.9978797 5.1612155 5.9626858 5.8959217 5.8191901 6.2648117 5.8248564 6.0430801 5.1694596 5.9723298 4.9761713 5.8464875 5.6361793 5.9573939 5.3023299 5.1557561 5.3875852 4.1707479 4.1031065 4.1215561 5.2640753 4.1948367 5.0406247 4.9215921 3.6235833 4.6639393 4.9286033 5.0422909 3.5896401 4.5860172 3.4799568 4.1767110 3.6857959 2.9438804 3.0002850 2.9760998 3.0136740 3.0119630 2.9778473 3.0222244 3.0630064 6.0091074 3.3283796 5.2964861 6.1283792 3.3327888 3.4764017 3.9914011 4.3303037 3.1391709 3.1358337 3.6258283 4.3539051 4.0269809 3.6448191 4.2402026 3.6704412 4.2402026 4.0158196 5.7795663 4.3896187 4.6598086 6.0383145 4.4438212 5.8397637 4.6757566 4.5516940 3.3717342 5.1303109 5.1022460 3.3479690 3.2492912 3.4423277 3.2947105 3.2180893 3.0745531 3.1085045 4.3199272 4.3054083 4.2541432 3.5257422 3.4110785 2.8150672 3.2979867 2.7962530 5.0561052 5.3000267 5.3681667 
BRhit__Uncultured_archaeon__UniRef90_I1X958                                3.5415935 3.1574338 2.7674756 2.8818401 1.4818904 1.2657669 2.8140437 2.3681978 2.9114788 3.1265531 1.2696458 2.7886539 3.2682774 2.9062335 1.3126825 0.7399525 0.7280390 0.7422152 0.6630847 0.7213705 0.8603621 0.6887399 0.0000000 0.7679089 0.8874228 1.1865349 0.9261622 1.2773513 1.2443130 1.0347474 2.6938832 2.7195112 2.9645678 3.0772402 2.7380047 3.2296645 2.6480623 3.1504790 2.6773574 1.3752711 1.4816884 1.5257848 1.4750764 1.5023559 4.7353221 4.6168333 4.7461430 4.4224947 4.9844470 4.6743067 4.3777977 3.9602316 4.3280141 4.0356878 3.9322528 3.6911911 3.9797031 3.7250968 3.9341880 4.4993091 4.7989569 4.6793276 4.5560186 5.3541265 5.4553116 4.4650771 5.0661166 5.4366195 5.3434555 4.4671219 3.9905211 4.9251120 5.2213999 5.0250290 5.4750486 5.6898869 5.3339299 5.9347940 5.2258718 5.5947249 5.2186002 5.3901831 5.3909025 5.9329658 5.5141330 5.8992812 5.5496223 5.3866022 5.5296972 3.7373558 3.9687452 4.0196123 4.1148175 3.9750235 3.7793656 3.9063737 3.4589791 4.0903363 5.7777032 4.1868869 3.0947765 4.6743067 3.1342972 3.9177834 3.3080706 2.5440244 2.7029112 2.6813756 2.6314646 2.6651831 2.6774330 2.6386850 2.6267344 6.3875153 2.9472324 4.3124612 6.2511927 3.2350818 3.2298710 3.5760463 3.8988368 2.6096929 2.5864742 3.2417433 3.8917612 3.3344672 3.2902963 3.8878054 3.3126994 3.8878054 3.3444785 6.1854107 4.0079162 4.1299200 6.1383697 4.2261517 6.0270633 4.1028691 4.0719495 2.9208426 3.9344468 3.8732291 2.9107157 2.9731247 2.8838889 2.9422710 2.7871801 2.8967176 2.8417743 3.7480589 3.9243492 3.9304206 3.1277620 3.1722940 2.7089435 2.8964061 2.6938832 4.1897313 4.1807954 4.2154186 
