156
YCyR2hit__Nodosilinea_nodulosa__UniRef90_A0AAJ6N6B2                        0.0000000 2.0922958 2.2169848 2.3101579 2.4147264 2.4735576 2.4575964 2.2842091 2.3270981 2.3815005 2.3148399 2.4145907 2.5279755 2.4495669 2.4862969 3.3471579 3.4391685 3.2344894 3.2933804 3.2505789 2.9543210 3.3931855 3.2515778 3.0890247 3.0016595 2.6258670 2.7463163 2.5099514 2.5368206 2.7338344 2.7454363 2.6112476 2.6875634 2.4207290 2.7414748 2.6833759 2.7105637 2.2312237 2.5451264 2.6156882 2.4555419 2.5165783 5.3929581 6.0633617 5.8463016 5.7123544 5.5829407 5.5610133 6.3836305 5.6722282 6.4123870 5.7966022 6.0788005 5.4507400 6.6583065 5.9979154 6.0106890 5.8789885 6.8187637 6.6633657 7.3310242 6.9625751 6.2991637 5.9960148 7.1998355 7.3281285 6.6540552 5.9017609 6.6175060 8.0368697 6.2073565 6.1874495 6.9147087 6.7406631 6.7732733 7.7320861 6.5659558 7.6490975 5.4676163 6.3288883 7.2770871 6.0171805 6.5539988 6.2357516 6.3154940 2.6674320 3.3587380 3.5189964 3.5388888 3.6381926 3.4060493 3.3403318 0.0000010 3.3404284 6.7827151 3.3724818 2.5468445 5.5610133 2.6018177 3.7121395 2.6440051 2.8234769 2.2382716 2.2357054 2.2602180 2.2123776 2.2893752 2.2782386 2.2590322 7.7106531 2.4511676 3.5831004 6.9924221 2.6592007 2.7102376 0.8931594 3.1321968 2.4183417 2.3717868 2.4991642 3.2871222 3.8423739 2.5516455 3.2077507 2.5531057 3.2077507 3.8057338 8.9999981 3.8133157 3.5063711 8.9999983 3.4678634 8.9999985 3.2792006 3.4242893 2.4434242 2.9428230 3.1433015 2.4518493 2.4525760 3.2430469 2.3794507 2.3645250 2.4585030 2.4343814 3.8187328 3.1658125 3.1280369 2.5386544 2.5622522 2.7750710 2.4199686 2.7338344 3.4344567 3.3865341 3.6124672 
YCyR2hit__Pseudanabaena_sp_FACHB_2040__UniRef90_A0A926ZYX4                 2.0922958 0.0000000 0.7796163 0.6581135 2.8031473 2.6198991 1.1366304 0.7081904 1.0427127 0.8390055 2.9158747 0.6525479 1.1038709 0.7102987 2.6711079 2.8990753 2.8100087 2.8836612 2.8954884 2.9850322 2.8943309 3.3153910 2.9524585 3.2183414 2.9931219 2.8119332 2.5753194 2.6771766 2.6626803 2.0956646 2.2009090 2.2740678 2.2976723 2.1541601 2.4241438 2.3490415 2.4566734 2.2315026 2.5017396 2.6200874 2.3385210 2.3478868 4.9494390 5.1450885 5.0617614 5.0377921 4.9452495 5.4800426 5.4022958 5.5659694 6.1079172 5.8854621 6.1427399 5.2978573 5.8921038 5.3317530 5.7961443 5.3806149 5.6328218 5.8774166 5.7140882 6.0001256 6.2731861 5.7277152 5.0753419 6.0067160 7.1250023 4.9567045 4.4988911 5.8360708 5.4004700 5.1391052 5.4500013 5.9000296 5.7406434 5.6805123 5.5499291 5.7343405 5.7381124 5.5206827 5.5245957 5.3635294 6.4816263 5.9866671 5.5483356 1.1678666 3.1848086 3.2862892 2.9018918 3.2706171 2.8195827 2.7898390 2.0922958 2.6024774 5.6669912 2.7898058 0.9155718 5.4800426 0.9093150 3.1498586 1.0897492 0.8967049 2.2521569 2.2321832 2.2605684 2.2498167 2.2664469 2.2664293 2.2850352 5.9438970 1.1369747 3.0178170 5.9341415 2.3198365 2.3583595 2.5937225 3.0460936 0.8457241 0.7971305 1.0876376 3.0241755 2.7015702 1.0488667 2.9128749 1.0478091 2.9128749 2.6060974 6.0027109 2.9674781 3.0601150 6.1108793 2.8287373 6.1397410 2.8593799 2.8858770 0.8385740 2.7517725 2.8549031 0.7802460 0.6484620 2.5281024 0.6223906 0.6185044 0.6013639 0.6263031 3.6325886 2.9092406 3.0359696 0.6682650 0.7210012 2.1763889 0.7076644 2.0956646 2.8574590 2.9857434 2.9480734 
YCyR2hit__Leptolyngbya_sp_FACHB_261__UniRef90_A0A926UF78                   2.2169848 0.7796163 0.0000000 0.4770756 2.4945755 2.4111315 0.8720588 0.5654608 0.9318651 0.6533872 2.3553513 0.5765618 1.0048094 0.5192597 2.4246609 2.4801126 2.3842810 2.5751698 2.5589164 2.5842874 2.5690223 2.9063766 2.6220905 2.7358271 2.7780916 2.3356196 2.6388871 2.3012774 2.3138696 1.7412357 1.7824603 1.8839551 1.9122123 2.1404289 2.1876433 2.0774495 2.2442690 1.9208992 2.1186860 2.3418592 2.1242377 2.1322120 5.1589413 5.3379190 5.1121786 5.3076888 5.0208288 5.3633906 5.1214670 5.0407090 5.1916219 4.8074027 4.8087549 4.8095629 5.2245908 5.1285322 5.2020724 5.3014751 5.3011442 5.4231915 5.3132878 6.0908748 5.9027757 5.8975339 5.5629567 6.3928955 6.5785076 5.4345108 5.1970044 6.1063945 5.6482819 5.4417852 5.4138551 5.4864712 5.4273266 5.1747028 5.1048094 5.5545322 5.3320449 5.5013775 5.7548193 5.3703938 5.4530820 5.5744339 5.3050844 1.0833909 2.8897497 2.8049178 2.6282316 2.9158559 2.6051234 2.7127859 2.2169848 2.5685026 6.0358788 2.6042461 0.7685451 5.3633906 0.7627358 2.7811790 1.0194008 0.7673594 1.9387350 1.9248811 1.8895867 1.9057593 1.8945701 1.8943623 1.8794155 6.2610167 1.0177416 2.7747889 5.3108507 2.2023188 2.0919229 2.6187188 2.8489012 0.6568545 0.6063593 0.8652093 2.8285560 2.8024530 0.8402734 2.8393283 0.8285641 2.8393283 2.7106084 6.6314013 2.9486564 2.8521189 6.8472986 2.9258506 6.7688404 2.8899029 2.8121911 0.6472850 2.4927230 2.5576852 0.6875165 0.4988077 2.2117931 0.5161157 0.4883492 0.5314452 0.5245138 2.8312604 2.6784140 2.7285530 0.5322999 0.5769478 1.7543898 0.5247708 1.7412357 2.5344120 2.5718991 2.5952336 
YCyR2hit__Hassalia_byssoidea_VB512170__UniRef90_A0A846HFU5                 2.3101579 0.6581135 0.4770756 0.0000000 2.6029689 2.6190197 0.7631167 0.4633380 0.7642042 0.5604278 2.6866975 0.5434447 0.9515051 0.3262759 2.5073676 2.6407509 2.6000570 2.8422139 2.7901806 2.7845529 2.9449944 3.0564365 2.7090583 2.8225215 2.8381273 2.6907578 2.7647172 2.5967622 2.7207073 1.9691809 2.0084604 2.1100004 2.1697264 2.1811568 2.3983215 2.2011250 2.3606096 2.1547368 2.1767610 2.4105553 2.1900246 2.1370273 5.0300232 5.4056083 5.4754192 5.2860100 5.1712654 5.4312286 5.2188231 5.2182701 5.2857434 4.7731698 5.1769329 4.8636455 5.2780875 4.8359870 4.5928162 4.9691193 4.9905358 5.2427291 4.9605354 5.3739456 6.3355147 5.4723392 4.9499449 5.6909696 6.2792020 5.1283585 4.7732228 5.7442857 5.7983398 5.5814886 5.7673060 6.0515897 5.7434003 5.5651502 5.4431084 5.5637845 5.5030869 5.8611048 5.6215110 5.4700839 5.9894024 5.8646499 5.5418686 1.0421174 2.8451118 2.7839098 2.9521129 3.0477296 2.9488345 2.8636284 2.3101579 2.6814091 6.0159774 2.9288838 0.6775307 5.4312286 0.7018535 2.7101584 0.9206894 0.5507666 2.1747064 2.1609602 2.1476901 2.1379709 2.1723947 2.1532078 2.1364356 6.0882795 1.0426507 2.9152816 5.4386619 2.3792731 2.2345449 2.6344083 2.8666590 0.5050966 0.4742170 0.6796045 2.6942395 2.9272515 0.6503820 2.6513713 0.6405723 2.6513713 2.8220983 6.1177051 2.9267844 2.8394891 6.2222241 2.6814715 6.1531837 2.6953107 2.7682701 0.4628623 2.5838587 2.7443593 0.4776790 0.2842995 2.6793815 0.2706347 0.2895198 0.3156763 0.3026200 3.1787294 2.6748296 2.6164703 0.3230945 0.3515599 2.0070181 0.3292215 1.9691809 2.8414628 2.7202493 2.7714428 
YCyR2hit__Halorientalis__UniRef90_A0A1G7PUC9                               2.4147264 2.8031473 2.4945755 2.6029689 0.0000000 1.1855247 2.2551592 2.3409263 2.2908395 2.4849310 0.2184220 2.4721479 2.5927673 2.6609269 1.2163347 1.2086781 1.1926564 1.2018954 1.1995711 1.1898927 1.0223971 1.4542914 1.4156906 0.8893151 1.3295235 1.1201758 1.0018184 1.1836748 1.1027832 2.1887590 2.1162698 2.3366516 2.2837912 2.0602723 2.4138626 2.0845057 2.3768142 2.2060790 0.5981373 0.6546895 0.6643084 0.6453534 4.5771332 5.0845357 5.0822645 4.8709088 5.1766207 5.1462214 5.0435561 4.2094992 4.9981958 4.7893069 4.8383568 4.1343687 5.0051909 4.5254220 4.6602236 4.9943944 6.3014497 5.8277906 5.7252525 4.9381982 5.0112074 5.3842899 5.8054142 5.2719403 4.5639809 5.0264779 5.1001840 4.9683247 6.8011035 6.6004161 6.6968762 6.7235272 6.7634570 6.8550507 6.5761334 6.8686581 6.0442469 6.6022006 6.5983199 6.2584379 6.8122916 6.5820615 5.7675253 3.0318310 3.1892237 3.1940040 3.1585183 3.6776195 2.9026129 2.8512487 2.4147264 2.8394986 6.4954233 2.9213916 2.5802769 5.1462214 2.5138471 3.3495476 2.6700776 2.3891938 2.2259538 2.1914352 2.1886474 2.1994777 2.1762063 2.1941429 2.1875722 6.8375957 2.9355362 3.0220804 6.2356591 2.4550519 2.4140522 2.9159058 3.3248122 2.3715644 2.3467853 3.0690549 3.1845278 2.7766786 3.1155712 3.0930992 3.1361760 3.0930992 2.8141583 6.9728479 3.5336974 3.4581991 7.1479934 3.3620369 7.1364176 3.3265981 3.4112234 2.6989173 2.8986772 2.9389528 2.6458261 2.5563149 2.4882093 2.5658102 2.4431947 2.5119454 2.5049282 3.2909020 3.1560412 3.1531233 2.7837027 2.6946498 2.2228566 2.6853288 2.1887590 2.8808761 3.1307895 3.1918350 
YCyR2hit__UnknownTaxon__UniRef90_P29563                                    2.4735576 2.6198991 2.4111315 2.6190197 1.1855247 0.0000000 2.6530055 2.3916615 2.7994761 2.8873361 1.0437155 2.4963326 3.0456505 2.6963709 0.2453139 1.0430575 1.0351587 1.1628364 1.0789748 1.0124242 1.0408480 1.1353219 1.3387548 0.8941788 0.9058460 0.2368636 0.8593046 0.2172645 0.1748539 2.1437391 2.2611211 2.3710886 2.4238089 2.4714861 2.8383721 2.5811987 2.5780640 2.4813188 1.1406798 1.2586670 1.2248624 1.0820690 4.3487189 4.6407862 4.6905075 4.3481737 4.6278380 4.5554403 4.4842904 3.8583189 4.2394282 4.4202863 4.5850273 4.2323396 4.3770904 3.8853876 3.9196523 4.2741519 5.1645353 4.9607528 4.9925193 4.9531570 4.9008238 4.4432841 4.7020567 5.2804535 4.9948018 4.5787767 4.3197438 4.5864069 5.0005246 5.0001624 4.8251420 4.8950687 4.8930872 5.1438045 4.8751267 5.1958323 4.3756281 5.2359512 5.2430811 4.6376201 4.8604632 4.7413784 4.7388021 3.5183065 3.1084436 3.1565052 3.0127418 3.4021239 2.7835669 2.9617757 2.4735576 2.8865134 5.8713909 2.8613248 2.9596168 4.5554403 2.8272775 3.1685752 3.0184493 2.3873242 2.5041973 2.4852732 2.5141650 2.4754180 2.4865511 2.5207984 2.5147611 7.0228571 2.8635085 2.8694182 6.4810927 2.6677069 2.6559032 3.1889485 2.8717956 2.4584710 2.5314963 3.1143158 3.0236503 2.6737527 3.1433992 2.9212189 3.1650853 2.9212189 2.6892600 6.2499751 3.0292404 3.1727981 6.3629858 3.1829394 6.2589691 3.0860306 3.1098065 2.5865779 2.9201038 2.8273477 2.5547554 2.6427754 2.3356444 2.5834630 2.4990450 2.4850157 2.5019068 3.2396123 3.0651678 3.1532063 2.7412741 2.7317265 2.1643320 2.6377184 2.1437391 2.8658792 3.0760604 3.1442645 
YCyR2hit__Leptolyngbya_ohadii__UniRef90_UPI000B5A185C                      2.4575964 1.1366304 0.8720588 0.7631167 2.2551592 2.6530055 0.0000000 0.7870923 0.1212407 0.8747453 2.2571918 0.8840759 0.8777600 0.9112895 2.6318801 2.8011480 2.8123380 2.8762921 2.7515438 2.9115826 2.8057979 3.2808028 2.5875273 2.9785106 3.1091167 2.7022031 2.6211161 2.8371650 2.7592179 2.2111628 2.1551224 2.3668152 2.2843518 2.1397830 2.6882531 2.2424428 2.4738531 2.2197301 2.2378301 2.4257777 2.3596992 2.1272294 5.0897383 5.3835906 5.3687021 5.1521286 5.0962684 5.2582861 5.3958435 4.9792477 4.9218625 4.6449656 4.8382855 4.8305176 4.5318922 4.6973939 4.5103592 5.2718811 5.3136812 5.5159268 5.4134515 5.4488365 5.6592966 5.1957462 5.3080339 5.8910915 5.9196109 5.0538803 5.4131823 5.7938970 5.5193325 5.2618084 5.5912544 5.7224136 5.3317332 4.8492188 4.9520852 5.2117029 5.3284313 5.7573967 5.3157570 5.1464104 5.7172173 5.6692508 5.0002333 1.0094241 3.5820617 3.5893077 3.4113588 3.3252060 3.2787877 3.0181771 2.4575964 3.0508771 6.0036235 3.1431853 0.7177629 5.2582861 0.8005327 3.4329445 0.9038550 0.8828273 2.2268298 2.2044489 2.1828421 2.2120524 2.2320390 2.1885026 2.1809652 6.7931914 1.2693000 3.2750854 5.6678505 2.4763915 2.4447682 2.6399146 3.4947132 0.8516374 0.8313278 1.1221150 3.2176907 3.3960140 1.1245957 3.1086912 1.1103894 3.1086912 3.2115280 6.5797368 3.3554377 3.3313046 6.6553266 3.1903913 6.5814884 3.2037089 3.2505697 1.0090279 2.9322288 3.0075281 1.0509864 0.9379137 2.7142281 0.8507498 0.9134734 0.9303390 0.9150524 3.6776594 3.1836617 3.1149480 0.8786747 0.9126869 2.2754330 0.8994052 2.2111628 3.1047680 3.0626917 3.1176635 
YCyR2hit__Aliterella_atlantica_CENA595__UniRef90_A0A0D8ZW42                2.2842091 0.7081904 0.5654608 0.4633380 2.3409263 2.3916615 0.7870923 0.0000000 0.7982952 0.5811394 2.2310842 0.5787946 0.9733149 0.4670379 2.1988170 2.4936402 2.4632885 2.7019426 2.5060552 2.5272316 2.5253102 2.7852764 2.2379838 2.5407086 2.9177937 2.3820351 2.2688629 2.2961644 2.2998101 1.9976206 2.1167844 2.1081185 2.1467500 2.0186438 2.4324219 2.0572083 2.3056814 2.1829744 2.3213976 2.4308851 2.3869168 2.2049398 4.6455569 4.3437944 4.3622733 4.2915638 4.3871841 4.4697242 4.3011061 4.4708698 4.5609713 3.9155194 4.3364322 4.0363456 4.5463768 4.1810094 4.2969419 4.5561913 4.8281198 4.7583627 4.6594030 4.7773839 5.0791602 4.3442340 4.2699947 5.0097527 5.3407495 4.0811874 3.7532602 4.3651236 4.8134449 4.7194339 4.9442633 5.1247480 4.6976603 4.9752177 4.6605325 4.8350595 4.3711394 4.8305159 4.7670990 4.3810789 4.8520960 4.5504451 4.5066352 1.1603191 3.0753153 3.1230810 2.9380720 3.1507181 2.6741337 2.8735818 2.2842091 2.7947173 4.9539860 2.7223509 0.6790057 4.4697242 0.7296123 3.0041508 0.9661189 0.6081447 2.2031293 2.1836941 2.1735729 2.2009019 2.1792200 2.1791506 2.1970806 5.0764053 1.0058818 2.9466854 4.7237892 2.4590467 2.3171648 2.7074821 2.8935101 0.1594464 0.1537313 0.7551456 2.7705471 2.9231555 0.7143267 2.7634118 0.7037428 2.7634118 2.7868660 5.2072881 3.0363497 2.9801879 5.2951127 2.8785099 5.2402499 2.7985020 2.8494001 0.6128588 2.5522620 2.6366363 0.6059154 0.5110166 2.5779523 0.4520950 0.4559914 0.4595862 0.4599707 3.0057398 2.7269269 2.7160584 0.4856022 0.5125693 2.0741195 0.4716710 1.9976206 2.8331335 2.7331227 2.7738988 
YCyR2hit__Cyanobacteriota__UniRef90_A0A926PVG5                             2.3270981 1.0427127 0.9318651 0.7642042 2.2908395 2.7994761 0.1212407 0.7982952 0.0000000 0.9078869 2.3865891 0.8172953 0.8025799 0.9066392 2.6480911 2.7455483 2.7885995 2.7117839 2.7355609 2.8109047 2.9228813 3.3409267 2.6985410 2.9886660 3.0668016 2.6577528 2.7276192 2.8043399 2.7881208 2.1708903 2.1231182 2.3412957 2.1600801 2.1386265 2.7902694 2.2431428 2.3495781 2.1787103 2.3076563 2.4657675 2.4097209 2.1955735 5.3410885 5.3196459 5.3197558 5.2604984 5.0903281 5.2037102 5.3865831 4.8339130 5.0989793 4.7497977 4.9504554 4.9195435 4.7138708 4.7897926 4.6777592 5.3823155 5.3368982 5.5223279 5.3988194 6.0981218 5.7585103 5.4446843 5.5891677 6.2610350 6.1323348 5.1468907 5.2110161 5.9071251 5.8926801 5.8530854 6.2433195 6.2752431 5.9033111 5.3929224 5.4861740 5.7932418 5.5258333 6.0892722 5.8486186 5.8255719 6.2889307 6.0954031 5.4551061 1.0100302 3.4119108 3.4292110 3.3474408 3.0620639 3.2863090 2.9378750 2.3270981 2.9434463 6.2280174 3.0244907 0.6808498 5.2037102 0.7222498 3.2817324 0.8519727 0.8988305 2.1856269 2.1764463 2.1428372 2.1735956 2.1793270 2.1257157 2.1207572 6.9133636 1.2008943 3.2325616 5.8046443 2.3956068 2.4207728 2.4539358 3.4124502 0.9176875 0.8485028 1.1314721 3.1181984 3.2612535 1.1467468 3.0080556 1.1324925 3.0080556 3.0937234 6.6100988 3.2301937 3.3054760 6.6857062 3.0917852 6.6989946 3.1757397 3.2299134 1.0654531 2.8554693 2.9687526 1.0560368 0.9317554 2.7019209 0.8482810 0.9216167 0.8802444 0.8665272 3.5521853 3.0989349 3.0207498 0.8934973 0.9046095 2.2365883 0.8947186 2.1708903 2.9886741 2.9860886 3.0879399 
YCyR2hit__Microcoleus_sp_FACHB_1515__UniRef90_A0A926U182                   2.3815005 0.8390055 0.6533872 0.5604278 2.4849310 2.8873361 0.8747453 0.5811394 0.9078869 0.0000000 2.5722512 0.5750318 1.0711024 0.5475632 2.7834044 2.7696546 2.7196142 2.8039695 2.8054596 2.8675864 3.0467871 3.2733355 2.9060981 2.6400935 3.0659506 2.6939740 2.6400993 2.8737816 2.9537096 2.0695850 2.1391051 2.1335964 2.0660427 1.9139607 2.4351630 2.2666645 2.3848325 2.1167880 2.1863375 2.3139059 2.3206192 2.1472020 4.2677735 4.6118246 4.4918151 4.4815609 4.2582119 4.5191094 4.6577373 4.7070487 4.5493453 3.9566844 4.2984677 4.3003190 4.3472512 4.6374074 4.2358536 4.5601316 4.5087588 4.5759646 4.5071399 4.9990648 5.5138132 5.3845345 4.9367255 5.4562047 5.8801646 4.8627424 4.5625042 4.9901130 5.9004575 5.5537411 5.6459096 6.0761529 5.5713458 5.3584267 5.3147236 5.5085562 5.5595530 5.8096257 6.1240289 5.3892681 5.8006264 5.7695881 5.5045142 0.9824204 3.0681775 3.0730922 3.0713144 3.0588842 2.9747301 2.9663810 2.3815005 2.8848324 6.1974521 3.1267583 0.7328146 4.5191094 0.7958764 2.9963439 1.0163075 0.6119794 2.1364622 2.1146357 2.1097674 2.1343591 2.1152978 2.1151917 2.1327794 5.6772367 1.1852851 3.0201705 5.3872143 2.3093510 2.1796943 2.6826228 3.0210995 0.6127621 0.5925543 0.9212612 2.7841283 2.9981844 0.9132815 2.7814094 0.9008156 2.7814094 2.8262801 6.2116328 3.0109725 2.9852005 6.4099754 2.7615877 6.3381049 2.9146627 3.0166620 0.6506438 2.6619594 2.7426418 0.6984821 0.5501277 2.9586830 0.5326732 0.5485986 0.5597422 0.5669908 3.0986272 2.8178891 2.6975377 0.5716590 0.5778123 2.1351624 0.5531846 2.0695850 2.9426717 2.8054580 2.8716484 
YCyR2hit__Halorientalis_marina__UniRef90_UPI001FF6C9D7                     2.3148399 2.9158747 2.3553513 2.6866975 0.2184220 1.0437155 2.2571918 2.2310842 2.3865891 2.5722512 0.0000000 2.5463248 2.5219091 2.7726668 1.1362198 1.1318177 1.1356375 1.1252094 1.0718067 1.1231037 0.9386831 1.2769453 1.2450762 0.8936230 1.1806981 1.0491966 0.9365035 1.0913837 1.0307617 1.9353073 1.9326844 2.1572367 2.3390407 1.9136594 2.2551556 1.9025808 2.2936011 2.1983924 0.6946227 0.7066481 0.7370955 0.6877470 4.4737304 4.6601806 4.5280631 4.2719829 4.5639789 4.7254563 4.7305435 4.0647913 4.6230946 4.3049166 4.2782948 3.8396716 4.7642737 4.3907703 4.4559201 4.4234392 5.7059077 5.4514819 5.3700191 4.6608436 4.9652173 4.9869160 5.1429777 5.1047293 4.6608431 4.4476945 4.5087345 4.5622180 6.3629484 6.7582988 6.0474723 6.2851785 6.3581423 6.7138478 6.2434508 6.5933545 5.8461033 6.5091134 6.4616241 6.0353891 6.4632406 6.1762888 5.3353380 2.8571062 3.4047516 3.4999335 3.3066494 3.6542653 2.9613448 2.9926883 2.3148399 3.1058494 5.9315565 3.0390124 2.3095461 4.7254563 2.3242774 3.5203212 2.6134439 2.3367809 2.2187940 2.1833638 2.2270261 2.1916263 2.2139495 2.2327955 2.2258742 6.2169795 2.8375210 3.3328233 5.3584372 2.2836584 2.2522091 2.7838737 3.3841078 2.2812050 2.2989649 2.9132587 3.2068426 2.9949077 2.9751974 3.0437624 2.9950041 3.0437624 3.0355147 6.7376318 3.5540802 3.5305531 6.9240520 3.7532538 6.9117679 3.4954061 3.6506212 2.6210866 3.1595837 3.1339709 2.5006500 2.4485822 2.6433485 2.5754345 2.4474625 2.4640734 2.4204908 3.6205464 3.2092827 3.3111745 2.7909373 2.6995328 1.9683470 2.7988881 1.9353073 3.0785863 3.2967564 3.3839375 
YCyR2hit__unclassified_Leptolyngbya__UniRef90_UPI0016884D19                2.4145907 0.6525479 0.5765618 0.5434447 2.4721479 2.4963326 0.8840759 0.5787946 0.8172953 0.5750318 2.5463248 0.0000000 1.0485753 0.5484285 2.4302949 2.5348278 2.3923178 2.6918083 2.7362073 2.6421138 2.8005475 3.1982193 2.6284070 2.8004171 2.9005085 2.4949800 2.6921219 2.5053749 2.3931390 1.9566818 1.9746906 2.1620626 2.1209237 2.0182389 2.3822482 2.1913520 2.2758065 2.1972810 2.3304923 2.4463077 2.2889034 2.1181099 4.8545564 4.7371259 4.7570821 4.8053587 4.5900434 4.8500230 5.1205495 4.6501106 4.7628294 4.3620830 4.8168969 4.1835394 5.1724836 4.6476367 4.5075983 5.0338106 4.9884037 5.1869068 4.4990168 4.7863318 5.4479426 4.9771077 4.8901046 5.1780764 6.2130739 4.9477703 4.2771387 4.9449664 5.5950254 5.4779617 5.5363913 5.7859246 5.9256595 5.7381840 5.7410052 5.6493326 5.5293328 5.5444270 5.9345281 5.4703713 6.3401106 5.8450244 5.7067292 0.8584386 3.2720296 3.2954650 2.7958576 3.0112388 2.6392770 2.7427158 2.4145907 2.5727590 5.4683052 2.6953600 0.6841602 4.8500230 0.6951051 3.0668990 1.0500663 0.5641671 2.2176328 2.1979906 2.1708691 2.2153670 2.2086762 2.1764596 2.1944382 5.5856008 1.1571300 3.0418161 5.5315756 2.4981607 2.4984364 2.5300200 2.8542487 0.6790876 0.6433717 0.9132809 2.7570277 2.7234643 0.8727218 2.7611550 0.8611193 2.7611550 2.5745842 5.6708398 3.0096194 2.9220591 5.7400484 2.8096007 5.7491942 2.8466133 2.8303730 0.6617509 2.5846602 2.6756920 0.6533517 0.5730064 2.5011053 0.5085957 0.5408104 0.5549200 0.5601607 3.2901786 2.7592855 2.6970466 0.5058223 0.5400710 1.9849476 0.5539714 1.9566818 2.7762718 2.9197850 2.8590270 
YCyR2hit__Leptolyngbya_sp_NIES_2104__UniRef90_A0A0P4V0S4                   2.5279755 1.1038709 1.0048094 0.9515051 2.5927673 3.0456505 0.8777600 0.9733149 0.8025799 1.0711024 2.5219091 1.0485753 0.0000000 1.1272937 2.8878327 3.0637077 2.9564575 3.0337887 3.2145999 3.0497838 3.1488040 3.6022451 3.1959049 3.7173559 3.2072778 3.0211628 3.1081946 2.9436352 2.9671915 2.3172142 2.4734581 2.6277566 2.5178437 2.7529801 2.8468704 2.6617478 2.9393917 2.6171841 2.4169190 2.5356212 2.5835064 2.2159914 5.7798369 5.7421083 5.7155737 5.6207594 5.6432439 5.6219783 6.0183594 5.4502512 5.3928190 5.4165669 5.3843543 5.6175552 5.4893782 6.0289714 5.3607596 6.2029706 5.9874262 6.4313075 6.5981139 6.1794907 6.6407807 6.2764207 5.3612937 6.5184814 7.0039255 5.9840065 5.2063337 6.1633315 6.4676209 5.9695130 5.9616035 6.1157932 5.8296313 5.8039107 5.4155631 5.9491740 6.0436064 6.4321505 6.1207223 5.9782072 6.6458600 6.3110027 5.6688135 1.1196300 3.6334218 3.9036369 3.8501326 3.7923495 3.2302086 3.3369443 2.5279755 3.2887510 6.4912380 3.4580360 0.7789069 5.6219783 0.8026184 3.9595854 0.1319904 0.8672421 2.6418568 2.6256599 2.6061583 2.6072586 2.6670340 2.6125915 2.6026750 6.0815819 1.3139591 3.3124322 6.2287303 2.7288262 2.7521084 2.8817738 3.5129323 1.0398196 0.9789402 1.2062648 3.4356439 3.5727304 1.1797950 3.5573016 1.1846691 3.5573016 3.6590689 6.7277785 3.8724447 3.7195240 6.9198824 3.5589057 6.7438511 3.5640962 3.5151056 1.1784252 3.3677747 3.3893175 1.1770857 1.1046113 2.9670004 1.0624306 1.0646088 1.0994392 1.0929134 3.8030392 3.3882725 3.5789258 1.0484348 1.1153715 2.3304770 1.0967045 2.3172142 3.7195856 3.4375048 3.4988318 
YCyR2hit__unclassified_Nostoc__UniRef90_A0A252DUV9                         2.4495669 0.7102987 0.5192597 0.3262759 2.6609269 2.6963709 0.9112895 0.4670379 0.9066392 0.5475632 2.7726668 0.5484285 1.1272937 0.0000000 2.6323517 2.8074707 2.6963866 2.9489252 2.9253884 2.9541556 2.9697612 3.1238337 2.7404101 2.9716218 3.1768828 2.7008635 2.7908686 2.6838766 2.7412140 1.9491688 1.9987798 1.9739068 2.0507476 2.0599067 2.2672617 2.0636380 2.2723122 2.1636577 2.1905588 2.5415708 2.2524963 2.1633079 5.0994768 5.2134800 5.1251882 5.3161081 5.0296741 5.2680390 5.4249134 4.9232380 5.0916588 4.6436563 4.9693943 4.7942580 5.3671432 4.6633038 4.8251503 5.0960484 5.1578130 5.1841410 5.0119034 4.8767723 5.7098311 5.5570229 4.8149874 5.1332801 5.7651542 5.0137647 4.2853672 5.1669676 5.7691770 5.5914623 5.7452731 6.0909605 5.8182640 5.8354783 5.4317472 5.7035882 5.4061786 5.5913022 5.4795593 5.2241210 5.7041632 5.6761650 5.4959358 1.0612260 3.0912500 3.1678029 2.8440519 3.2551880 2.8280902 2.9473994 2.4495669 2.7446054 5.6166034 2.9176722 0.7247789 5.2680390 0.6993883 2.9645916 0.9995505 0.5925779 2.1835589 2.1676030 2.1597250 2.1813809 2.1653178 2.1652407 2.1830082 6.0950443 1.1069229 3.0353340 5.4638768 2.1886389 2.0603078 2.9898478 3.0771946 0.5310206 0.5147268 0.7181151 2.9532186 2.7683948 0.6863679 3.0090408 0.6761233 3.0090408 2.6882905 6.1349487 3.1251942 3.0684137 6.2374674 2.9332271 6.1696775 3.0085953 3.0038136 0.3588450 2.5886027 2.6706336 0.3800937 0.2212987 2.5807538 0.1758559 0.1851116 0.1798006 0.1878319 3.4515715 2.9030193 2.8796003 0.1904712 0.2046671 2.0040823 0.0088056 1.9491688 2.7520223 2.7786297 2.8362196 
YCyR2hit__Natronomonas_moolapensis__UniRef90_M1Y5I7                        2.4862969 2.6711079 2.4246609 2.5073676 1.2163347 0.2453139 2.6318801 2.1988170 2.6480911 2.7834044 1.1362198 2.4302949 2.8878327 2.6323517 0.0000000 1.0858693 1.1309472 1.1691951 1.1185713 1.0535669 1.0921559 1.1738824 1.3613860 0.9892791 0.9293231 0.2426958 0.8945541 0.2423615 0.3048735 2.3331536 2.4125287 2.5237499 2.7065795 2.5963792 3.2309901 2.4953893 2.7766301 2.6520335 1.2879173 1.3635803 1.3635357 1.2216975 4.7150875 4.9125200 4.9460528 4.6159538 4.7981525 4.7824934 4.8502670 4.0514071 4.5347710 4.2768039 4.5860931 4.2977363 4.3750668 4.0749246 4.0967423 4.3261956 5.2517851 4.9985594 4.7905161 4.9757894 4.8958091 4.2250425 4.7945474 5.4159584 4.8882356 4.4709877 4.2573428 4.6243689 5.2218082 5.0072838 4.8626645 4.9557111 5.0304961 5.1493473 4.7916696 5.1970268 4.3835045 5.4632588 5.5006791 4.8396789 4.9321621 4.7950895 4.8401399 3.4358689 3.3077275 3.3586499 3.0167321 3.6025041 2.8016036 2.9077096 2.4862969 2.9842748 5.7825449 2.8744563 2.8310764 4.7824934 2.6903597 3.4944631 2.9494752 2.3028963 2.6764478 2.6559944 2.6875987 2.6456424 2.6575998 2.6947802 2.6882340 6.8054060 2.6621364 2.7747529 6.7148769 2.6032611 2.6417591 3.2750779 3.0149557 2.2819407 2.2529379 2.9957835 3.1237738 2.7195626 3.0332470 3.0405428 3.0538876 3.0405428 2.7349991 6.7550312 3.2115226 3.3206562 6.7532733 3.3937917 6.7118961 3.3138138 3.3372229 2.4859327 2.9904595 2.9699261 2.4443051 2.6019329 2.6255820 2.4368705 2.5043594 2.4474349 2.4463545 3.3975487 3.1934795 3.2327404 2.6640196 2.6459309 2.3265112 2.5517224 2.3331536 2.9810412 3.1112833 3.1802475 
BRhit__Halobacterium__UniRef90_P02945                                      3.3471579 2.8990753 2.4801126 2.6407509 1.2086781 1.0430575 2.8011480 2.4936402 2.7455483 2.7696546 1.1318177 2.5348278 3.0637077 2.8074707 1.0858693 0.0000000 0.0840663 0.2097352 0.2488139 0.2003605 0.3665295 0.6848784 0.7311167 0.8438093 0.8883981 0.9143062 0.8759409 0.9551786 0.9574345 2.4871864 2.5366864 2.6863324 2.6728391 2.5682993 3.1217971 2.4591922 2.7486030 2.4938644 1.1602388 1.2900996 1.2485878 1.1844759 4.5801723 4.8260710 4.7309239 4.4236214 4.8481074 4.5837401 4.4825771 3.9737913 4.3259412 4.2794117 4.3994487 3.8772036 4.3795387 4.0916794 3.9125160 4.1681083 4.8029679 4.8122811 4.3688237 4.2545991 4.6605356 3.8079867 4.6290062 4.4406972 4.7782230 4.1316066 4.0688352 4.4027543 5.1970152 5.0159218 4.7916429 5.2955770 4.8598784 4.5925862 4.4985216 4.7428527 4.9578713 4.6519677 5.0119360 5.1610972 4.7600449 5.0100304 4.8740578 3.5027672 3.7998424 3.9083331 4.1993603 3.9275585 3.8025980 3.7235732 3.3471579 3.9555181 5.2983773 3.9551363 2.9555939 4.5837401 2.7675241 3.7030073 3.1370121 2.3963801 2.5164401 2.4977476 2.4747281 2.4816262 2.4461777 2.4811143 2.4689163 5.7091420 2.9008598 4.5484667 5.2778762 2.9340199 2.9759268 3.5924414 3.9418464 2.5726104 2.5317506 2.7671938 3.9649210 3.2324865 2.8146008 4.0132373 2.8326740 4.0132373 3.2239137 5.4506196 4.1683509 4.2214835 5.4992010 4.0551091 5.4572279 4.0284653 4.1871434 2.9035569 4.2237575 4.2202382 2.8249323 2.7733373 2.7711653 2.6446748 2.7337449 2.6985229 2.6390069 4.0120108 3.9819546 4.0129854 3.0141062 3.0096195 2.5544304 2.8346574 2.4871864 4.1292765 4.3741039 4.4446054 
BRhit__Halobacterium__UniRef90_UPI001F011AB0                               3.4391685 2.8100087 2.3842810 2.6000570 1.1926564 1.0351587 2.8123380 2.4632885 2.7885995 2.7196142 1.1356375 2.3923178 2.9564575 2.6963866 1.1309472 0.0840663 0.0000000 0.2024271 0.2605420 0.1757508 0.3921572 0.7078467 0.7196454 0.8250558 0.8615674 0.9195747 0.8466093 0.9334032 0.9248207 2.3980699 2.5159791 2.5969763 2.5661257 2.4433329 2.9710881 2.4308921 2.6426237 2.3796960 1.1765599 1.2773619 1.3004365 1.2109459 4.5526635 4.7245446 4.6701333 4.3392000 4.7785553 4.5848658 4.3841672 3.9789397 4.3651002 4.1931485 4.3173919 3.9129166 4.1495198 4.1095555 3.8727362 4.0879398 4.8207763 4.6370823 4.3057379 4.3012003 4.8103270 3.7728264 4.6399934 4.4169147 4.7761070 4.0904478 4.0584527 4.4054183 5.3813366 4.9441445 4.7872054 5.5459594 4.9219634 4.7341638 4.6049000 4.7934585 5.0318923 4.7658157 5.0792481 5.1194670 4.5731648 5.0349764 4.8657597 3.2082270 3.8474867 3.9609612 4.2802658 3.7853092 3.7787596 3.6731736 3.4391685 3.6865776 5.2908557 3.8454282 2.7271975 4.5848658 2.5903038 3.6313160 3.0746084 2.3977469 2.4011347 2.3835583 2.3612682 2.3681685 2.3343482 2.3672778 2.3557897 5.5534778 2.8428531 4.4043663 5.4248437 3.0206407 3.0626225 3.5648065 3.8155919 2.4681945 2.4168830 2.6843700 3.9785456 3.1456261 2.7299305 4.0031441 2.7472746 4.0031441 3.1378579 5.4973158 4.0118658 4.0522317 5.5466327 3.9616418 5.5037804 4.0644297 4.0517543 2.9175765 4.1640368 4.0934405 2.7954006 2.6211855 2.6730753 2.5931142 2.6278644 2.5897085 2.5441582 3.9187827 3.9705613 4.0015389 2.8646180 2.9338053 2.4758086 2.7225529 2.3980699 4.0443643 4.2846982 4.3520266 
BRhit__Haloplanus__UniRef90_A0A6B9F3P5                                     3.2344894 2.8836612 2.5751698 2.8422139 1.2018954 1.1628364 2.8762921 2.7019426 2.7117839 2.8039695 1.1252094 2.6918083 3.0337887 2.9489252 1.1691951 0.2097352 0.2024271 0.0000000 0.1677730 0.1651468 0.2270399 0.7158768 0.7470406 0.8291363 0.9555136 1.0226009 0.9412323 1.0360894 1.0862804 2.5389702 2.6839546 2.7848057 2.6525043 2.5500695 3.1818876 2.5353879 2.9069935 2.4605592 1.1520576 1.2210513 1.2714194 1.2342273 4.7609711 4.7419906 4.7763190 4.3368389 4.8926919 4.6176062 4.5826359 4.0991570 4.2556517 4.4083073 4.5053891 4.2154181 4.1652562 4.5916331 3.9906813 4.4613006 5.1315059 4.9877084 4.5937251 4.8261440 5.1544862 3.8320735 5.0191282 4.9426273 4.9590581 4.3328245 4.4031445 4.3986912 5.5218006 5.3163134 5.2108475 5.8381553 5.1388278 5.0868801 4.8964061 5.2009356 4.7881752 5.1490808 5.4665674 5.4322567 4.8290487 5.0303560 4.8437644 3.5585365 3.6695204 3.7780885 4.2438104 3.9066596 3.7933640 3.6106444 3.2344894 3.7759921 5.5867110 3.7856891 2.9228085 4.6176062 2.7704277 3.6081971 3.1911399 2.5205383 2.4829745 2.4644658 2.4414806 2.4484366 2.4131940 2.4478047 2.4357222 5.1733047 3.0012047 4.2866017 5.3408287 3.2516231 3.3682807 3.4919056 3.9630314 2.7504901 2.6565307 2.9091846 3.8221999 3.2390963 2.9911407 3.8012425 3.0111028 3.8012425 3.2303828 5.6514001 4.1224119 4.0891225 5.7078516 4.0945229 5.7662097 4.0482477 4.1906889 3.0466798 4.0178258 3.9639079 3.0010125 2.8391740 2.6984476 2.7403160 2.8897457 2.8374247 2.8313085 3.7518152 3.8759331 3.9364536 3.2099785 3.1991097 2.6044946 2.9785577 2.5389702 4.0840562 4.1923679 4.3251206 
BRhit__Haloplanus_natans__UniRef90_UPI000A5CE34D                           3.2933804 2.8954884 2.5589164 2.7901806 1.1995711 1.0789748 2.7515438 2.5060552 2.7355609 2.8054596 1.0718067 2.7362073 3.2145999 2.9253884 1.1185713 0.2488139 0.2605420 0.1677730 0.0000000 0.1721342 0.2995129 0.6186204 0.6691329 0.7748792 0.9385958 1.0154280 0.8792053 1.1198483 1.1235708 2.4207896 2.5324136 2.6256637 2.4964779 2.4136809 3.1332832 2.2739595 2.8664231 2.4239570 1.1641101 1.2312531 1.2181330 1.1603750 4.6071918 4.6374777 4.5795830 4.2006173 4.6387186 4.4296078 4.5146610 4.1388470 4.2947499 4.2945856 4.2626951 4.0501196 4.1479725 4.5352902 3.7078907 4.4370698 5.0554259 4.8365390 4.6420053 4.6037458 4.9889221 4.0307607 4.8661217 4.7917777 5.0388179 4.2562912 4.2406838 4.5758795 5.2418890 5.1119153 4.8028839 5.4302261 4.8443785 4.7926486 4.3310263 4.8513961 5.0822886 4.9076947 5.0830718 5.0244507 4.7998620 5.1757524 4.5252457 3.6296389 3.5425486 3.6442626 4.0719003 3.7223465 3.6352984 3.5793000 3.2933804 3.8179250 5.5392137 3.9201961 2.7697292 4.4296078 2.6613863 3.4961100 3.3651552 2.6772058 2.4463381 2.4279154 2.4048249 2.4118864 2.3766579 2.4111195 2.3990905 5.5525867 2.8448852 4.2378349 5.2807472 2.9807586 3.0530326 3.4892651 4.0323496 2.5408770 2.5447931 2.8999868 3.7364319 3.1084803 2.9515683 3.7159106 2.9712469 3.7159106 3.1008313 5.4420557 3.9728906 4.0205351 5.4962885 4.0114719 5.5502976 4.1856419 4.0164383 2.9125281 3.8292499 3.8089126 2.7652948 2.6882474 2.8925708 2.7530804 2.8038127 2.7986243 2.7916122 3.7991905 3.7296531 3.8043374 3.0641882 3.0596698 2.5190763 2.9096793 2.4207896 3.9966771 4.0097553 4.1235911 
BRhit__Halobaculum_rubrum__UniRef90_UPI001CA389E1                          3.2505789 2.9850322 2.5842874 2.7845529 1.1898927 1.0124242 2.9115826 2.5272316 2.8109047 2.8675864 1.1231037 2.6421138 3.0497838 2.9541556 1.0535669 0.2003605 0.1757508 0.1651468 0.1721342 0.0000000 0.2578949 0.5956965 0.7133517 0.7812412 0.8333626 0.9586363 0.8078560 1.0092377 1.0055442 2.4010882 2.5204045 2.7080604 2.6536567 2.4719593 3.2027735 2.4314476 2.7480156 2.4453177 1.1458621 1.2428942 1.2684018 1.2025083 4.5139490 4.5728648 4.5606915 4.2951387 4.6884189 4.4706904 4.3600242 4.0184590 4.5093715 4.2562770 4.3799645 3.9106167 4.2113411 4.2548367 3.8727757 4.2032444 4.6466770 4.5714057 4.3700998 4.3420935 5.0283614 3.7296376 4.6989245 4.5470132 4.7710993 4.1705957 4.1706706 4.0564837 5.1554464 4.8211742 4.6211027 5.0579187 4.4629105 4.4901353 4.2220410 4.3635758 4.9610544 4.6054339 4.7580132 4.7307932 4.7195179 5.0174067 4.4287393 3.5876967 3.6368932 3.7912382 4.1437325 3.7066332 3.4716408 3.3985190 3.2505789 3.6447140 5.2653408 3.7577556 2.8498532 4.4706904 2.7049905 3.5767673 3.2129448 2.6164513 2.4676491 2.4492337 2.4262735 2.4206867 2.3981159 2.4325669 2.4079813 5.6132698 2.9017334 4.0953815 5.3680968 3.1823025 3.2705307 3.5733768 3.6636408 2.5447776 2.4924602 2.9890038 3.7776347 3.1995018 3.0429085 3.7946754 3.0633095 3.7946754 3.1910828 5.4420336 3.9764487 3.9073948 5.4584596 3.8885396 5.4165482 3.7785202 4.0510282 2.9868052 3.9353436 3.9159739 2.9340898 2.8687523 2.6541748 2.7387047 2.7917230 2.8019729 2.7974773 3.8489409 3.8326573 3.9409737 3.1370386 3.1251371 2.4635993 2.9387118 2.4010882 3.9113105 4.1714170 4.2573695 
BRhit__Halohasta_salina__UniRef90_UPI002110EEC8                            2.9543210 2.8943309 2.5690223 2.9449944 1.0223971 1.0408480 2.8057979 2.5253102 2.9228813 3.0467871 0.9386831 2.8005475 3.1488040 2.9697612 1.0921559 0.3665295 0.3921572 0.2270399 0.2995129 0.2578949 0.0000000 0.6019645 0.8487544 0.7681123 1.0163070 0.9715246 0.8850988 1.0464199 1.0656737 2.4039721 2.5237524 2.4575655 2.4997196 2.5302139 2.9852154 2.3218542 2.4803720 2.6248453 1.0053446 1.0616757 1.1622435 1.0706113 4.1636086 4.5181055 4.5474541 4.1763955 4.4670087 4.6333047 4.3918771 3.8425454 4.3565001 4.6821269 4.6956820 4.1068140 4.1269391 4.1495392 4.0998475 3.9949801 5.0083238 4.8919205 4.5833868 4.2938125 5.5981500 3.6988254 5.0202735 4.2957905 4.9971512 4.0543826 4.4492792 4.3305298 5.2681371 5.1147414 5.0462911 5.4309914 4.9896982 5.1511318 4.8134218 5.1920176 5.0510838 4.8899961 4.9652399 4.9740476 4.8753669 5.0949123 4.5660483 3.6469639 3.6497735 3.7929725 3.9711902 3.9666492 3.2520401 3.5328694 2.9543210 3.5555048 5.0592048 3.5279601 2.7955199 4.6333047 2.8402886 3.6314024 3.3149439 2.6541463 2.6488704 2.6287809 2.6048063 2.6117050 2.5741532 2.6116731 2.5985729 5.4415726 2.9063931 4.0805765 5.2590166 3.1180622 3.1371782 3.5784747 3.9912505 2.5805913 2.6079527 3.0352846 3.9787889 3.2869383 3.1217846 3.8710123 3.1428754 3.8710123 3.2783565 5.5611207 4.1217234 4.1111993 5.6171660 4.2355138 5.6741987 4.0332063 4.2405502 2.9978620 3.9567669 3.9534528 2.9297881 2.8140878 2.7924110 2.8106003 2.7786479 2.8263076 2.8295278 4.1163178 3.9587711 4.1158093 3.1675921 3.3419078 2.4810074 2.9992635 2.4039721 3.8857915 3.9860305 4.0967367 
BRhit__Halobacteriales_archaeon_QS_8_69_26__UniRef90_A0A2R6JS63            3.3931855 3.3153910 2.9063766 3.0564365 1.4542914 1.1353219 3.2808028 2.7852764 3.3409267 3.2733355 1.2769453 3.1982193 3.6022451 3.1238337 1.1738824 0.6848784 0.7078467 0.7158768 0.6186204 0.5956965 0.6019645 0.0000000 0.6808867 0.7059047 0.9186101 1.1133632 1.0318928 1.1481586 1.1409429 2.6474084 2.7477409 2.9664236 2.9547075 2.7871766 3.5901095 2.7533922 3.1068743 2.8793445 1.3295721 1.4169279 1.5112034 1.3406667 3.9013156 3.8902128 3.8639979 3.9066261 3.8777643 3.9207645 3.8939886 3.7874212 4.0654392 4.1880303 4.2352285 3.8465406 3.9899123 3.6729613 3.6962772 3.7704724 4.7598331 4.6983559 4.4435284 4.0004445 4.5588299 3.5184779 4.6831193 4.1158552 4.4282968 4.1084812 4.1068956 4.1655086 5.3255608 5.3847005 5.4245980 5.6824997 5.3396700 5.4497634 4.7128709 5.5388278 4.5297032 5.2976207 5.1562253 5.4487292 4.7840438 4.7182677 4.8057593 3.9079890 3.8021990 3.8176953 4.8542889 3.9013266 4.6459656 4.5429806 3.3931855 4.3282957 4.6213953 4.6687055 3.3831959 3.9207645 3.2803132 3.8662470 3.5996798 2.7666792 2.9058674 2.8833485 2.9187768 2.9172352 2.8855374 2.9267133 2.9653237 5.5201920 3.1500570 4.9184103 5.3977658 3.1711669 3.2578299 3.8710325 4.0235194 2.9672920 2.9340442 3.4077791 4.0330627 3.7570188 3.4273339 3.9286089 3.4512411 3.9286089 3.7471843 5.3388792 4.0793880 4.3225250 5.4664075 4.1314695 5.3036642 4.3365920 4.2260640 3.1603427 4.7583101 4.7074626 3.1381443 3.0684661 3.2539907 3.1060217 3.0405211 2.9081950 2.9390825 3.9986617 3.9924140 3.9629598 3.3162235 3.2075999 2.6652856 3.1142637 2.6474084 4.7075614 4.9153889 4.9752534 
BRhit__Uncultured_archaeon__UniRef90_I1X958                                3.2515778 2.9524585 2.6220905 2.7090583 1.4156906 1.3387548 2.5875273 2.2379838 2.6985410 2.9060981 1.2450762 2.6284070 3.1959049 2.7404101 1.3613860 0.7311167 0.7196454 0.7470406 0.6691329 0.7133517 0.8487544 0.6808867 0.0000000 0.7587235 0.9091253 1.2329962 0.9949007 1.3246945 1.2761405 2.5515657 2.5709736 2.7982843 2.9101597 2.7048602 3.0804588 2.6210797 2.9967251 2.5970293 1.3008173 1.4050560 1.4913592 1.4299405 4.5109135 4.2962948 4.3354176 4.0454033 4.6767297 4.2909099 4.2155093 3.6994131 4.1095656 3.9676436 3.8790624 3.6545436 3.9681324 3.7212530 3.7452097 4.0225812 4.5704458 4.4366084 4.4995816 5.0351597 5.1844235 4.2236187 4.7660872 5.1148415 5.0525377 4.2587256 3.8276967 4.7100875 4.9651472 5.2244358 4.9697521 5.4679425 4.8872884 5.1319858 4.8651094 5.0030091 4.8945990 5.4499383 5.1688827 5.5598832 5.0106615 4.9209384 5.0091773 3.5033608 3.7507051 3.7972845 3.8880654 3.7111624 3.5278078 3.6913436 3.2515778 3.8238163 5.2577267 3.9123135 2.9209497 4.2909099 2.9597968 3.7023853 3.2321597 2.3978621 2.6207903 2.6009603 2.5542144 2.5856022 2.5971109 2.5608869 2.5496583 5.4980234 2.7970449 4.0329201 5.2749051 3.0569860 3.0501175 3.4178187 3.7031011 2.4613362 2.4152274 3.0434579 3.6766294 3.1806204 3.0874716 3.6734633 3.1085307 3.6734633 3.1880621 5.8020889 3.8052850 3.9120862 5.6965840 4.0098515 5.6201303 3.8874390 3.8602664 2.7424707 3.6825804 3.6592475 2.7305354 2.7997886 2.8043827 2.7708337 2.6281746 2.7329555 2.6831512 3.5433218 3.7095985 3.6831277 2.9342891 2.9740033 2.5659798 2.7312955 2.5515657 3.9341757 3.9649926 3.9977739 
BRhit__Halorientalis_regularis__UniRef90_A0A1G7RA78                        3.0890247 3.2183414 2.7358271 2.8225215 0.8893151 0.8941788 2.9785106 2.5407086 2.9886660 2.6400935 0.8936230 2.8004171 3.7173559 2.9716218 0.9892791 0.8438093 0.8250558 0.8291363 0.7748792 0.7812412 0.7681123 0.7059047 0.7587235 0.0000000 0.8482339 0.8538861 0.6296222 0.9642251 0.9231204 2.3618565 2.4321134 2.6488784 2.5458048 2.3954277 2.9540465 2.6061637 2.5824416 2.5260365 0.9589431 1.1042320 1.2357793 0.8904951 4.2553597 4.6106853 4.6437120 4.3817881 4.6315603 4.7430970 3.9895266 4.1038960 4.6396495 4.5256766 4.3655512 4.0385037 4.4356532 4.1868819 4.2556632 3.9164634 5.2370116 5.0110009 5.1943480 4.6541352 4.7857410 4.6532627 4.7367731 4.5459512 4.2903753 4.5960233 4.0206413 4.5485336 6.0849206 5.9661100 6.6327778 7.2881248 6.2705460 6.6481938 6.0298811 6.6482978 5.4671231 6.1355911 6.4805986 6.0593759 5.8569565 5.8760906 5.5780158 3.6062001 3.5957501 3.6103527 3.7349904 3.5120296 3.3214461 3.5910469 3.0890247 3.4895467 5.6393310 3.6737688 3.2343831 4.7430970 3.0628213 3.5359180 3.7862541 2.4260200 2.5493076 2.5299898 2.5063888 2.5200096 2.4768994 2.5129884 2.5069825 6.7409604 2.9441224 3.3182582 6.3058818 2.9381074 2.8620372 3.3322874 3.3752874 2.5480375 2.6001798 3.4035861 3.5225644 3.2195301 3.4051345 3.4036806 3.4293666 3.4036806 3.2006843 6.5641646 3.6348115 3.7035540 6.6876523 3.6533763 6.6574667 3.6018892 3.7069546 2.8403401 3.4160620 3.3492122 2.7847648 2.7022263 3.0211257 2.8303314 2.7054247 2.7578837 2.7475033 3.3883234 3.4928312 3.4875031 3.0070764 2.9676827 2.4343499 2.9929696 2.3618565 3.4816792 3.7185405 3.7617629 
