90
YCyR2hit__Nodosilinea_nodulosa__UniRef90_A0AAJ6N6B2                        0.0000000 2.4233691 2.5295118 2.6811152 2.7826893 3.0313236 2.7826277 2.5184109 2.6714833 2.6549700 2.7956068 2.7476734 2.9583452 2.8075396 3.0631816 3.8191319 3.9009546 3.7288736 3.8163129 3.8552816 3.5908219 3.2639484 4.0657043 3.7044635 3.4071851 3.7060997 3.2174968 3.1601928 3.1203590 2.9555642 2.9717631 2.8033654 2.9850817 2.7593239 3.0937745 3.0162039 2.9680445 2.5280669 2.5760045 2.9768598 3.1290616 2.5295118 6.2323654 6.7467010 6.4705807 6.6258364 6.0078168 5.8306646 5.9861113 6.6832198 6.4639881 6.3349473 7.7843453 6.4790054 6.7236859 5.6147408 8.0281849 6.4606103 6.4995855 7.4931560 8.8332991 8.2470698 8.7875951 8.4706350 8.0798571 7.4986821 8.8653161 8.2171302 7.8082913 7.3508744 8.5387030 8.9999987 7.9140313 7.4622965 7.2918417 7.3378590 7.8119623 8.6078363 7.9809675 8.4354236 8.9999980 8.2346786 8.9999984 6.7304925 7.8979508 8.8445355 7.4596138 8.3911289 7.6933976 7.7148514 
YCyR2hit__Pseudanabaena_sp_FACHB_2040__UniRef90_A0A926ZYX4                 2.4233691 0.0000000 0.8493586 0.6879505 3.3357746 3.1229937 1.3075573 0.7586457 1.1810883 0.8977054 3.4690008 0.7091631 1.2487617 0.7723528 3.2032946 3.4556122 3.3338127 3.3973999 3.4145602 3.5264456 3.4826561 2.7279456 4.0481192 3.5600850 3.8062175 3.5310383 3.3125465 3.0122241 3.1560041 2.4028223 2.5293393 2.6217463 2.7093050 2.5160309 2.8272941 2.7550939 2.8331143 2.5751519 2.8629277 3.0692834 3.2006853 0.8493586 5.4616609 5.8579010 5.4936994 5.6725569 5.5022453 5.9519722 5.9888197 5.7510650 5.4057807 6.1316358 6.7473474 6.4424673 6.5950023 5.5748321 6.6614165 5.8879103 6.1817060 6.1742937 6.1804615 6.5340994 6.2018462 6.7736264 7.0605054 6.6793264 5.8226541 6.9842508 7.0702685 5.6043691 5.4103179 6.9669602 7.0402159 5.6371393 5.6652050 6.5308090 6.4939153 7.0031107 7.4145627 6.9656942 6.8935335 6.7554394 6.7345146 6.8330090 6.8143926 6.7234365 6.7703735 7.8754055 7.2810123 6.5807075 
YCyR2hit__Leptolyngbya_sp_FACHB_261__UniRef90_A0A926UF78                   2.5295118 0.8493586 0.0000000 0.5039089 2.9789869 2.8509681 0.9198910 0.5962546 0.9866429 0.6982059 2.7720578 0.6231249 1.1478843 0.5622112 2.9006589 2.9255838 2.8026240 3.0291675 2.9876857 3.0252203 3.0611836 2.4803191 3.4299184 3.0839620 3.2002067 3.2641224 2.7672247 3.1374397 2.7159355 1.9709625 2.0198718 2.1437612 2.3250061 2.4705142 2.5930250 2.3749499 2.5996588 2.2089581 2.8004641 2.5182412 2.7799096 0.0000010 6.1191761 6.1767199 5.6530730 6.0538413 5.8440073 6.0708333 5.8690245 5.6917911 5.5126750 5.8469957 6.1441053 5.3917409 5.2803917 5.4519432 6.2275728 5.7739679 5.5698399 6.4366304 6.3913671 6.4397389 6.1288994 7.5580461 6.7038800 7.1030596 6.4644885 7.8047575 7.0969743 6.4117476 6.3626822 7.4183329 6.5597060 6.4840475 6.5822292 6.7271789 6.7613247 6.4857097 6.6486052 6.5388164 6.2741451 6.2025635 6.7513155 6.4178979 6.5437124 6.7577258 6.7213984 6.7746288 6.8934272 6.3024185 
YCyR2hit__Hassalia_byssoidea_VB512170__UniRef90_A0A846HFU5                 2.6811152 0.6879505 0.5039089 0.0000000 3.0989922 2.9961237 0.8665378 0.5096433 0.8628743 0.6093453 3.1810556 0.5648725 1.0905184 0.3450447 3.0079613 3.1594481 3.0842161 3.2839613 3.3022356 3.2390292 3.4969381 2.6071534 3.6663940 3.2674373 3.3340750 3.3627105 3.1482126 3.2818653 3.0609744 2.2050820 2.2330502 2.3744286 2.5455342 2.4754895 2.6936245 2.4501434 2.6402537 2.4886795 2.6830964 2.6300839 2.8775190 0.5039089 5.7218755 6.0187333 5.7331312 6.2296097 6.0278715 6.0887084 6.0377095 6.0803694 5.5037683 6.0312516 6.1382221 5.3530375 5.8312437 5.3460435 6.4607879 5.5442869 5.3823008 6.0834566 5.8226496 6.3136051 5.8483687 6.8923884 7.3748136 6.8821929 6.3091510 7.2892797 6.7449419 6.0539053 6.0544327 7.3060217 7.1835988 6.1038752 6.3673630 6.9966486 7.1850448 6.9822311 7.4738020 6.9538165 6.7564421 6.6400576 6.7059231 6.5544586 7.0149735 6.6637159 6.9304181 7.4319498 7.2050044 6.5978027 
YCyR2hit__Halorientalis__UniRef90_A0A1G7PUC9                               2.7826893 3.3357746 2.9789869 3.0989922 0.0000000 1.2949589 2.6655852 2.9329724 2.7091200 2.9795642 0.2382410 2.9255539 3.0727297 3.1672082 1.3515625 1.2953637 1.2787409 1.2939654 1.2936419 1.2881459 1.1039348 1.0984721 1.5531500 1.5148421 0.9351066 1.4105396 1.2304233 1.0574799 1.2986300 2.5688561 2.4753858 2.7393352 2.7131499 2.2843901 2.8654835 2.4211850 2.7793586 2.5114646 2.7788337 0.6230884 0.6967382 2.9789869 5.2791153 5.9272683 5.6377331 5.5805041 5.9591655 5.8943326 5.6236404 5.7824954 5.2157886 5.2416777 5.7549609 5.5877650 5.5969704 4.7289788 5.7108342 5.3694807 5.1864973 5.5227390 6.6017174 6.0460381 6.2441441 6.3113690 5.7910023 6.3900921 6.5938001 6.6258502 5.6114192 5.5199711 6.1399073 6.2704056 6.1412171 5.6710774 5.8335541 8.6384440 8.5800508 7.8567910 8.3135197 8.3041403 8.7003732 8.0691416 8.4129579 7.5390728 8.0787210 7.6543746 7.3183454 8.4636202 8.2198546 6.8348120 
YCyR2hit__UnknownTaxon__UniRef90_P29563                                    3.0313236 3.1229937 2.8509681 2.9961237 1.2949589 0.0000000 3.2073933 2.7651645 3.4252578 3.3812762 1.1031173 2.9479034 3.5865195 3.1863896 0.2592108 1.1388975 1.1294703 1.1705530 1.1027932 1.0882087 1.0664039 1.0209586 1.1876067 1.3416003 0.9483102 0.9069925 0.2512231 0.8806956 0.2298802 2.5534235 2.7042988 2.7629573 3.0245253 2.9060774 3.5310379 3.1094125 3.0695188 2.8767481 3.2646509 1.2449375 1.3837958 2.8509681 5.1840128 5.6014863 5.4362865 5.0637637 5.6716536 5.5181451 5.3679090 5.5088130 5.1492363 5.0508200 5.0399616 5.1468984 5.1290323 4.7865589 5.0096953 4.8953631 4.5380557 5.2609965 5.8090825 5.5135025 5.5018424 6.6757993 5.7756958 5.3542004 5.7938835 7.0020751 6.1482849 5.4202406 5.4479748 5.9216993 6.1271428 5.7742641 5.7562123 6.6530766 6.7558736 6.4953535 6.6210544 6.8271701 7.2640151 6.8190801 7.2074775 6.0382596 7.1607083 6.8084585 6.3103269 6.4233897 6.5248401 6.3956694 
YCyR2hit__Leptolyngbya_ohadii__UniRef90_UPI000B5A185C                      2.7826277 1.3075573 0.9198910 0.8665378 2.6655852 3.2073933 0.0000000 0.8727683 0.1267672 0.9980946 2.6348188 0.9815974 1.0343863 1.0142356 3.1690627 3.3434051 3.3263358 3.3883206 3.3092922 3.4495174 3.4184959 2.6709114 4.0403750 3.1726941 3.4293197 3.6270920 3.2521817 3.2610030 3.3572694 2.4887335 2.4320035 2.6639991 2.6695263 2.4357445 3.0935864 2.5251838 2.7977732 2.5587686 2.9940485 2.6598662 2.9242564 0.9198910 5.7039994 6.3437903 6.0494025 6.0930459 6.2412507 6.4849887 6.0221340 5.7415951 5.6465029 5.8521586 5.7943431 4.9810128 5.1648227 5.0612673 5.6432069 5.3981529 5.1074805 6.6035354 6.2315048 6.4793681 6.1052700 6.5546815 6.2563996 6.1802177 6.1551768 7.1364406 6.5267182 6.0353799 6.6355463 6.9914518 6.1259309 5.9360123 5.9050159 6.7870006 6.9313626 7.0300841 7.1962094 6.6287769 6.1257459 6.2783522 6.5219987 6.6898233 7.0136949 6.3955167 6.7586414 7.5472708 7.1656187 6.1765409 
YCyR2hit__Aliterella_atlantica_CENA595__UniRef90_A0A0D8ZW42                2.5184109 0.7586457 0.5962546 0.5096433 2.9329724 2.7651645 0.8727683 0.0000000 0.8828846 0.6176571 2.6576029 0.5804675 1.1964077 0.5321447 2.6118976 2.8899160 2.8461875 3.0957812 3.0213382 3.0231682 3.1341407 2.4978357 3.2671878 2.6660777 3.0289497 3.3965748 2.7967426 2.7596662 2.6295372 2.2806492 2.4144702 2.4149206 2.5337040 2.3418598 2.8434062 2.3882122 2.6528733 2.4570137 2.7478263 2.7856514 3.0500793 0.5962546 5.2343919 5.1884035 4.9977689 5.1962053 5.2063766 5.3060735 4.9625577 4.8933539 4.9008926 5.3535553 5.3272369 4.4533428 5.0689107 4.4883762 5.8347669 4.7260914 4.8386875 5.5521292 5.8746739 5.8720648 5.3545463 5.5659196 5.9205516 5.0566190 4.7596381 5.9721446 5.7517893 4.8891109 4.5712794 5.5729282 5.7847883 4.7972295 4.8498302 6.0802625 5.9683260 6.2495496 6.4744503 6.0185983 6.4404049 6.0495735 6.2057842 5.5021354 5.9416681 5.9169889 5.7384897 6.3241910 5.8666804 5.6961459 
YCyR2hit__Cyanobacteriota__UniRef90_A0A926PVG5                             2.6714833 1.1810883 0.9866429 0.8628743 2.7091200 3.4252578 0.1267672 0.8828846 0.0000000 0.9929414 2.7968680 0.9348228 0.9353257 1.0159000 3.2370843 3.3201657 3.3405523 3.2377124 3.3076798 3.3571094 3.5704992 2.6745517 4.1206900 3.2850143 3.4591719 3.6267813 3.2383271 3.3012881 3.3603765 2.4804978 2.4508894 2.6754162 2.5540311 2.4898064 3.2360072 2.5845124 2.6742122 2.5005887 2.9161780 2.7501129 2.9999031 0.9866429 5.8048398 6.0979625 5.8934748 6.1730340 5.9380945 6.2394025 5.7608880 5.5987630 5.2083427 5.3727056 5.9090609 5.1899904 5.3281248 4.9112268 5.6084581 5.2870091 5.2050439 6.2609167 5.8738334 6.0595891 5.9473992 7.0810545 6.3741102 6.3954810 6.4759263 7.2937705 6.4624932 5.8564351 6.2295747 7.0614174 6.2635158 5.9125340 5.9584997 6.5253705 6.8775960 7.0486693 7.3173412 6.7465101 6.3646721 6.4865326 6.7656298 6.4505915 6.7866767 6.5642245 7.0124461 7.4640782 7.1061995 6.2990954 
YCyR2hit__Microcoleus_sp_FACHB_1515__UniRef90_A0A926U182                   2.6549700 0.8977054 0.6982059 0.6093453 2.9795642 3.3812762 0.9980946 0.6176571 0.9929414 0.0000000 3.0487729 0.6130927 1.2182896 0.5898165 3.3660742 3.2972351 3.2622303 3.3038902 3.3733475 3.4936670 3.6351835 2.7878897 3.8202075 3.4744843 3.1616779 3.6838319 3.2458609 3.1968305 3.3907094 2.3097878 2.4037893 2.3921302 2.3559438 2.1997162 2.8028566 2.5606315 2.7062340 2.4200949 2.8493140 2.6373102 2.8732195 0.6982059 5.1327539 5.1364425 4.7100563 5.2408387 4.7610803 5.0897488 5.4045649 5.3408128 5.1589951 5.3018532 5.2964567 4.5822927 4.9879695 4.8167697 5.5344097 5.2583107 4.6310069 5.4544202 5.2097772 5.5001025 5.1848236 6.5219882 6.5228731 6.5717833 5.6987440 6.9333393 6.3373830 6.0043954 5.8436954 6.5197738 6.0805030 6.0507579 5.9845834 7.1316918 7.0452450 7.2468242 7.5869321 7.1283570 6.7594738 6.7328556 6.8351113 7.0340162 7.2604195 7.4310496 7.1584086 7.4179034 7.3514379 6.8006627 
YCyR2hit__Halorientalis_marina__UniRef90_UPI001FF6C9D7                     2.7956068 3.4690008 2.7720578 3.1810556 0.2382410 1.1031173 2.6348188 2.6576029 2.7968680 3.0487729 0.0000000 2.9912312 2.9376615 3.2152709 1.2068818 1.2147635 1.2169844 1.2086046 1.1563461 1.2226970 1.0231137 1.0685349 1.3708468 1.3374950 0.9430397 1.2378401 1.1275736 1.0030078 1.1726565 2.2716672 2.2655674 2.5827720 2.8250954 2.1304701 2.7177047 2.2661746 2.7434141 2.4649566 2.7286821 0.7548799 0.7706712 2.7720578 5.2009810 5.4771031 5.0955431 4.9914561 5.3690592 5.4515823 5.1876890 5.5646907 4.7124487 5.1712556 5.5399687 5.0240138 5.0633722 4.5054005 5.4990551 5.1767060 5.0370291 4.8160830 6.0663993 5.7666294 5.7301906 5.8944764 5.5800492 5.6835320 5.8706765 6.2591992 5.2768706 5.3496499 5.2458447 5.9995848 5.8764209 5.4889777 5.3464289 8.3060240 8.8325268 8.0998660 8.0541731 7.9670302 8.9269283 7.8845791 8.2290043 7.4774894 8.3773386 8.0193325 7.4247933 8.3403297 8.0327751 6.5160889 
YCyR2hit__unclassified_Leptolyngbya__UniRef90_UPI0016884D19                2.7476734 0.7091631 0.6231249 0.5648725 2.9255539 2.9479034 0.9815974 0.5804675 0.9348228 0.6130927 2.9912312 0.0000000 1.1891777 0.5945867 2.8911980 3.0350462 2.8484714 3.1791497 3.2347987 3.1143119 3.3246549 2.5108962 3.8345935 3.1230606 3.2861178 3.4541369 2.9213661 3.1848817 2.9258963 2.2313482 2.2543729 2.4827834 2.5103846 2.3508339 2.7679100 2.5100419 2.6010493 2.5397864 2.7867618 2.8141400 2.9412376 0.6231249 5.5110508 5.4568717 5.2474914 5.4966707 5.2431396 5.3785959 5.6924767 5.6003800 5.2301172 5.3598495 5.6072868 4.9970895 5.4182607 4.6969478 6.2557296 5.2671358 5.0328004 6.0256729 5.8521763 6.1387790 5.2075277 5.9164067 6.3761506 6.1254868 5.7333126 6.4189505 6.4051093 5.7992964 5.4691217 6.0377573 6.4041344 5.8966266 5.8775200 6.9621721 7.2197302 6.9412888 7.4322337 7.1617293 6.9703895 6.9915149 6.8538157 6.7536819 6.8938218 7.1986117 6.9515358 7.9554864 7.3028415 6.8161839 
YCyR2hit__Leptolyngbya_sp_NIES_2104__UniRef90_A0A0P4V0S4                   2.9583452 1.2487617 1.1478843 1.0905184 3.0727297 3.5865195 1.0343863 1.1964077 0.9353257 1.2182896 2.9376615 1.1891777 0.0000000 1.2898046 3.4324252 3.6123767 3.4670775 3.5331545 3.7518926 3.5519941 3.7635662 2.9281109 4.2921190 3.8067794 4.3215613 3.7585908 3.5558414 3.6783141 3.4608309 2.7554641 2.9503919 3.1522473 3.1109427 3.2616092 3.4056439 3.0677272 3.4611699 3.0578753 3.5792479 2.8904734 3.0180048 1.1478843 6.2680258 6.3130131 5.9011695 6.1888164 6.1039034 6.1316991 6.2300774 6.2818479 5.8402798 5.9893563 6.0300318 5.9312610 5.7706822 6.1917037 6.1495974 6.5979180 5.7601646 7.0166809 6.7917613 7.3227518 7.4730428 7.5123448 7.7692225 7.7350619 6.3941581 8.1765715 7.5497181 6.8258073 6.5166507 7.5781124 7.4717117 7.0455118 6.9647695 8.0255540 7.7202052 7.6218597 7.7433208 7.2932977 7.3071943 6.7928538 7.2125108 7.6094505 8.1763622 7.7478660 7.6607396 8.4024548 7.8096535 6.7965663 
YCyR2hit__unclassified_Nostoc__UniRef90_A0A252DUV9                         2.8075396 0.7723528 0.5622112 0.3450447 3.1672082 3.1863896 1.0142356 0.5321447 1.0159000 0.5898165 3.2152709 0.5945867 1.2898046 0.0000000 3.1398027 3.3163635 3.1781315 3.4662144 3.4323159 3.4622720 3.5505272 2.6743808 3.7144236 3.2677554 3.4863325 3.7366751 3.2019104 3.3160528 3.1784154 2.2180072 2.2816441 2.2592323 2.4598696 2.3815907 2.6369729 2.3544178 2.6125762 2.5086572 2.7902786 2.6262596 3.0328710 0.5622112 5.9382587 6.0837935 5.7343655 6.1504967 5.8902383 6.0457256 5.9888684 6.0405115 5.6001963 5.7760826 6.1395098 5.2891165 5.5537867 5.4326506 6.4001997 5.3168575 5.3443918 6.2475672 6.1599945 6.1782381 5.7992774 6.0176801 6.5011864 6.7293921 5.7544874 6.2769133 6.3428749 6.0362761 5.3478067 6.1746296 6.2097761 5.9689986 6.2172535 7.3791930 7.6771849 7.4546185 8.0249451 7.3273173 7.3211725 6.8756053 7.1404332 6.6483823 7.1497700 6.8838152 6.8208016 7.4402186 7.1863327 6.7904881 
YCyR2hit__Natronomonas_moolapensis__UniRef90_M1Y5I7                        3.0631816 3.2032946 2.9006589 3.0079613 1.3515625 0.2592108 3.1690627 2.6118976 3.2370843 3.3660742 1.2068818 2.8911980 3.4324252 3.1398027 0.0000000 1.1668266 1.2160015 1.2202463 1.1182285 1.1258813 1.1302880 0.9180209 1.2489846 1.4041891 1.0164465 0.9253174 0.2571036 0.8999149 0.2563465 2.7463295 2.8506826 2.9637352 3.2684574 2.9984669 4.0035620 2.9955121 3.2689708 3.1317605 3.7902477 1.4207769 1.5060265 2.9006589 5.5509747 6.1260411 5.9672390 5.6260354 5.9773784 6.0527202 5.6170825 5.9376721 5.4896779 5.3199826 5.4203396 5.1309840 5.4172021 4.9234528 5.1479033 5.1447753 4.9190521 5.4156531 6.1405654 5.7265129 5.5336392 6.7749045 5.9936094 5.2186134 6.0114589 7.1990820 5.9971315 5.5494344 5.4885145 6.1240770 6.3770886 6.0372317 5.9352084 7.1481934 7.1171199 6.7456834 7.0039473 6.8852151 7.5611961 6.9627968 7.3818512 6.3951551 7.6300631 7.5757463 6.7734621 6.7889681 6.7813942 6.7583125 
BRhit__Halobacterium__UniRef90_P02945                                      3.8191319 3.4556122 2.9255838 3.1594481 1.2953637 1.1388975 3.3434051 2.8899160 3.3201657 3.2972351 1.2147635 3.0350462 3.6123767 3.3163635 1.1668266 0.0000000 0.0867928 0.2199688 0.2550387 0.2113644 0.3796694 0.0053995 0.7135234 0.7680444 0.8999299 0.9085497 0.9721796 0.9607918 1.0193211 2.9062132 2.9681049 3.1303111 3.1125995 2.9193640 3.8156034 2.7815868 3.2005202 2.8508823 3.1820911 1.2689800 1.4195853 2.9255838 5.6472321 5.8354436 5.7478467 5.3164419 5.6641142 5.9051676 5.0245900 5.4088672 5.1167437 4.8102026 5.2433147 4.9276148 5.0781186 4.2977383 5.0517602 4.7014040 4.5616699 5.3444307 5.8786627 5.7629218 4.9900987 5.4417301 5.6675135 4.7353552 5.5705311 5.7413592 5.5689131 4.8592466 5.1103455 5.7239872 5.6841237 5.1313680 5.0893245 7.0115198 6.8591107 6.2145062 7.2592629 6.0749112 6.1264030 5.7400016 5.8553372 6.5772739 6.6031723 6.3143486 6.7598141 6.4245715 6.5343290 6.3370919 
BRhit__Halobacterium__UniRef90_UPI001F011AB0                               3.9009546 3.3338127 2.8026240 3.0842161 1.2787409 1.1294703 3.3263358 2.8461875 3.3405523 3.2622303 1.2169844 2.8484714 3.4670775 3.1781315 1.2160015 0.0867928 0.0000000 0.2119742 0.2674985 0.1849101 0.4067582 0.0931640 0.7379908 0.7547634 0.8781477 0.8798401 0.9814399 0.9260615 0.9963309 2.7951468 2.9393134 3.0139110 2.9408460 2.7626023 3.5718598 2.7092180 3.0683330 2.7118464 3.0828023 1.2889655 1.4094343 2.8026240 5.4216100 5.5259484 5.4814792 5.0400137 5.5739747 5.6971391 4.7405327 5.1296595 5.0181003 4.7717735 5.2317923 4.6139555 4.8453081 4.3112907 4.7224387 4.5775578 4.3742184 5.1601291 5.8035454 5.5459336 4.9111259 5.4259551 5.7360132 4.7066001 5.5375636 5.6727165 5.5034821 4.8603130 5.1328239 5.6307123 5.6301017 5.0184304 5.0665923 7.1890559 6.7865075 5.8837280 7.4888972 6.1340555 6.1126358 5.6885058 5.8929775 6.7926949 6.6699038 6.1854466 6.6218503 6.3148477 6.6821857 6.2132267 
BRhit__Haloplanus__UniRef90_A0A6B9F3P5                                     3.7288736 3.3973999 3.0291675 3.2839613 1.2939654 1.1705530 3.3883206 3.0957812 3.2377124 3.3038902 1.2086046 3.1791497 3.5331545 3.4662144 1.2202463 0.2199688 0.2119742 0.0000000 0.1761793 0.1730527 0.2413565 0.1454207 0.7523472 0.7910862 0.8724682 0.9947846 1.0669382 1.0140861 1.0800583 2.9474477 3.1251867 3.2259658 3.0244840 2.8933740 3.8085617 2.8207586 3.3851249 2.8150527 3.3960075 1.2604702 1.3367979 3.0291675 5.6676394 5.7118162 5.7803730 5.0776245 5.5970299 5.8088980 5.3289723 5.4484219 5.4864772 4.8215243 5.0665734 4.8944378 5.0049921 4.6547111 4.6593991 5.0427571 4.5212355 5.5271324 6.0401444 5.8775586 5.2611888 6.2251275 6.1608872 4.7958533 6.0250940 6.3627143 5.6866501 5.2276449 5.7017558 5.7994933 6.2211074 5.4569381 5.3117411 6.9841520 6.8923008 6.5516312 7.5702017 6.6013390 6.6751684 6.4495097 6.8710789 6.6757079 6.8919380 6.8456520 7.0264500 6.2580866 6.6462189 6.3942653 
BRhit__Haloplanus_natans__UniRef90_UPI000A5CE34D                           3.8163129 3.4145602 2.9876857 3.3022356 1.2936419 1.1027932 3.3092922 3.0213382 3.3076798 3.3733475 1.1563461 3.2347987 3.7518926 3.4323159 1.1182285 0.2550387 0.2674985 0.1761793 0.0000000 0.1800276 0.3197160 0.1732737 0.6402275 0.6922320 0.7917946 0.9626681 1.0094515 0.9367774 1.1210604 2.8026894 2.9419248 3.0233670 2.8384235 2.7246988 3.7287070 2.5109622 3.3355999 2.7703491 3.1948485 1.2781908 1.3529781 2.9876857 5.4355415 5.6008488 5.5640634 5.0195826 5.3881054 5.6540330 5.0426440 5.3941113 5.3515200 5.0404515 5.0482388 4.9140687 4.9018308 4.5260240 4.7342791 5.1613816 4.3030123 5.3057218 5.9747266 5.6251144 5.2749180 5.9448312 6.0398534 4.9418680 5.7720973 6.0747492 6.0467725 5.0497411 5.3041984 5.7547251 6.1997192 5.4857680 5.2820166 7.1579440 6.9300862 6.3285126 7.2724235 6.4339059 6.2218546 5.6254994 6.3725894 7.0553826 6.6060020 6.5561622 6.3061999 6.4810562 7.0873283 6.0813119 
BRhit__Halobaculum_rubrum__UniRef90_UPI001CA389E1                          3.8552816 3.5264456 3.0252203 3.2390292 1.2881459 1.0882087 3.4495174 3.0231682 3.3571094 3.4936670 1.2226970 3.1143119 3.5519941 3.4622720 1.1258813 0.2113644 0.1849101 0.1730527 0.1800276 0.0000000 0.2740154 0.1494173 0.6509371 0.7704270 0.8395247 0.8918689 1.0257051 0.8792702 1.0851895 2.7809949 2.9260437 3.1246548 3.0159309 2.8016735 3.8220936 2.6985687 3.1931419 2.7924251 3.2514256 1.2608122 1.3719261 3.0252203 5.4253809 5.4138285 5.5574421 5.1281811 5.4502869 5.5490989 4.8624962 5.2161734 5.1457390 4.7225047 5.3022014 4.7662996 4.9226174 4.3871115 4.7204719 4.7175471 4.4112796 5.1129674 5.4071980 5.3150749 5.0687446 5.6325283 6.0452327 4.7066524 5.6567826 5.8599886 5.5829952 5.1199909 5.4899323 5.3826318 6.0843306 5.8752628 5.3460638 6.6972797 6.3294947 5.9621272 6.7131540 5.7998853 5.9772428 5.6081555 5.8055603 6.8802299 6.1114599 6.1390807 6.2745343 6.3345862 6.8117262 5.7244747 
BRhit__Halohasta_salina__UniRef90_UPI002110EEC8                            3.5908219 3.4826561 3.0611836 3.4969381 1.1039348 1.0664039 3.4184959 3.1341407 3.5704992 3.6351835 1.0231137 3.3246549 3.7635662 3.5505272 1.1302880 0.3796694 0.4067582 0.2413565 0.3197160 0.2740154 0.0000000 0.2751060 0.6212829 0.8714096 0.7921230 0.9949384 1.0064419 0.9354973 1.0904692 2.8341453 2.9854235 2.9432720 2.9108830 2.8723099 3.6473196 2.7252483 2.9098127 3.0395624 2.9879004 1.0933528 1.1595428 3.0611836 5.1957453 5.5882200 5.4933046 5.0249278 5.4816911 5.8884316 5.0312819 5.4436540 5.3122212 4.8267767 5.1734502 5.4876357 5.4843508 4.6338608 4.6488286 4.8821710 4.7433756 4.8739172 5.9465777 5.7311827 5.2650333 5.8119917 6.8553484 4.5399025 6.1187215 5.6930348 6.1464107 5.0153591 5.8398252 5.7017119 6.4624311 5.4115369 5.1510528 7.0792757 6.5632306 6.6586184 7.4266725 6.2487900 6.9209191 6.1806679 6.8094638 6.8377272 6.7336274 6.2149975 6.4085536 6.4480922 6.5849777 5.9024071 
BRhit__Halobacterium_salinarum__UniRef90_UPI0000110B77                     3.2639484 2.7279456 2.4803191 2.6071534 1.0984721 1.0209586 2.6709114 2.4978357 2.6745517 2.7878897 1.0685349 2.5108962 2.9281109 2.6743808 0.9180209 0.0053995 0.0931640 0.1454207 0.1732737 0.1494173 0.2751060 0.0000000 0.6068426 0.6580007 0.7250568 0.9592075 0.8452528 0.7823338 0.9725844 2.4115980 2.5099850 2.6349698 2.7039843 2.4387211 3.3746534 2.3445951 2.8086087 2.7108110 3.1694738 1.1267214 1.2323599 2.4803191 4.8871724 4.5578260 4.5363594 4.5680043 4.9572704 4.7608392 4.4685547 4.7052437 4.2377391 4.2170565 4.8521457 4.5517188 4.4522369 3.7634673 4.5859846 4.3751207 4.1733577 4.6051026 4.5520810 4.5382958 4.5949252 5.2142222 5.3361804 4.2005267 5.0758308 5.0701109 5.1635783 4.2250094 4.6572950 4.8286656 5.4123127 4.4281839 4.2233505 6.6508446 6.5900982 6.2945415 6.8041686 5.8266356 5.7960784 5.5806267 6.0097553 6.3191007 6.1633796 6.4847899 6.4017880 6.6006253 6.6056529 5.9111439 
BRhit__Halobacteriales_archaeon_QS_8_69_26__UniRef90_A0A2R6JS63            4.0657043 4.0481192 3.4299184 3.6663940 1.5531500 1.1876067 4.0403750 3.2671878 4.1206900 3.8202075 1.3708468 3.8345935 4.2921190 3.7144236 1.2489846 0.7135234 0.7379908 0.7523472 0.6402275 0.6509371 0.6212829 0.6068426 0.0000000 0.7341672 0.7622026 0.9896385 1.1954859 1.0429386 1.2371620 3.1065565 3.2369921 3.4079970 3.4630775 3.1756504 4.4003436 3.1858998 3.6645632 3.3471013 3.6200628 1.4540964 1.5586062 3.4299184 5.0144429 4.9772076 4.8612346 4.9039229 4.7658557 5.2001660 4.5423270 4.9837950 4.7750417 4.8596847 5.1051862 5.1021617 5.0890043 4.4802644 4.7237372 4.5753470 4.3978933 4.9391667 5.8405653 5.7131612 5.4231423 5.7121336 5.9256305 4.5450081 6.0112568 5.5981551 5.7534442 5.0949564 5.5232065 5.6785610 5.8503229 5.4249243 5.3883163 7.4404064 7.4037900 7.1614063 7.8718739 6.7957889 7.5493352 6.2521769 7.3495219 6.4038795 7.4009865 6.6799743 7.0192978 6.6955887 6.4544617 6.5084444 
BRhit__Uncultured_archaeon__UniRef90_I1X958                                3.7044635 3.5600850 3.0839620 3.2674373 1.5148421 1.3416003 3.1726941 2.6660777 3.2850143 3.4744843 1.3374950 3.1230606 3.8067794 3.2677554 1.4041891 0.7680444 0.7547634 0.7910862 0.6922320 0.7704270 0.8714096 0.6580007 0.7341672 0.0000000 0.8237975 0.9288486 1.2451499 1.0103039 1.3434050 3.0108712 3.0455840 3.3236237 3.3778016 3.0791248 3.7124353 2.9814477 3.5333375 3.0199546 3.5925129 1.4299492 1.5468726 3.0839620 4.8669134 5.0054573 4.8631905 4.6462868 5.2455646 5.0730286 4.2254726 4.5105868 4.4394655 4.3400460 4.8066634 4.6252427 4.3846949 4.1234408 4.3426990 4.1338390 4.2538856 4.9446184 5.4064501 5.1911432 4.9106179 5.8628793 5.9208175 4.9357205 5.2385087 6.1481633 5.7147730 4.7677695 4.6029986 5.4307613 5.5183518 5.0288691 4.9594968 6.6919853 6.7893353 6.3963504 7.3814360 6.1636914 6.9375053 6.3190337 6.4952868 6.5730515 7.3193341 6.5151290 7.0958684 6.8129069 6.5650778 6.5570699 
BRhit__Halorientalis_regularis__UniRef90_A0A1G7RA78                        3.4071851 3.8062175 3.2002067 3.3340750 0.9351066 0.9483102 3.4293197 3.0289497 3.4591719 3.1616779 0.9430397 3.2861178 4.3215613 3.4863325 1.0164465 0.8999299 0.8781477 0.8724682 0.7917946 0.8395247 0.7921230 0.7250568 0.7622026 0.8237975 0.0000000 0.8662524 0.8895022 0.6221236 1.0046740 2.7373880 2.8301251 3.1177334 2.9497280 2.7095348 3.5604035 3.0164579 2.9935910 2.8916321 3.3714376 1.0510953 1.2167207 3.2002067 4.6432211 5.1726110 5.1180979 4.9015592 5.2138578 5.3255824 4.5595857 4.4910886 4.7694921 5.1489283 5.5175511 5.5202926 5.1842640 4.6203041 5.0603001 5.0715545 4.8775578 4.6632151 5.8651970 5.5469930 5.9544432 5.9814009 5.5129637 5.8326954 5.5146876 5.8001200 5.1776398 5.2818070 5.1589006 5.8292112 5.3579088 5.3283547 5.4873496 7.7684862 8.0163454 7.5252208 8.7971807 7.4564077 8.3114522 7.2872870 7.8670671 6.6956547 7.5769295 7.5555672 7.2945901 7.2813369 7.4171698 6.9976364 
BRhit__unclassified_Halobacteriales__UniRef90_A0A2R6LDY7                   3.7060997 3.5310383 3.2641224 3.3627105 1.4105396 0.9069925 3.6270920 3.3965748 3.6267813 3.6838319 1.2378401 3.4541369 3.7585908 3.7366751 0.9253174 0.9085497 0.8798401 0.9947846 0.9626681 0.8918689 0.9949384 0.9592075 0.9896385 0.9288486 0.8662524 0.0000000 0.7524107 0.7612193 0.8315949 2.3785996 2.4592433 2.8213385 2.7951648 2.5319281 3.2755571 2.9446921 2.6383237 2.5933743 2.7788991 1.3431491 1.4947774 3.2641224 6.1225120 6.4280263 6.2421837 5.8232343 6.3412019 6.4802970 5.8488548 6.2818348 6.0168461 5.6926671 5.4928789 5.6585403 5.8190763 5.3494651 5.1070066 5.2269110 5.0738610 5.5351557 6.1504921 5.9046131 6.4072285 6.6362897 6.3447288 5.3884981 6.0617025 6.8451394 6.1564012 6.1720444 5.6109715 6.4029499 5.9098546 6.3551314 6.5837363 6.6887471 6.5477052 6.6878509 6.8588511 6.9133169 6.6063484 6.0389941 6.4772365 6.5510922 6.6722964 6.0924681 6.2922973 6.6541476 6.7696965 5.7374013 
BRhit__uncultured_archaeon_A07HR67__UniRef90_V4ZQH6                        3.2174968 3.3125465 2.7672247 3.1482126 1.2304233 0.2512231 3.2521817 2.7967426 3.2383271 3.2458609 1.1275736 2.9213661 3.5558414 3.2019104 0.2571036 0.9721796 0.9814399 1.0669382 1.0094515 1.0257051 1.0064419 0.8452528 1.1954859 1.2451499 0.8895022 0.7524107 0.0000000 0.8457022 0.1456391 2.7147572 2.8322943 2.9168844 3.1694193 3.0220361 3.8598046 3.3008154 3.1406329 3.0607999 3.2781527 1.2570954 1.3858728 2.7672247 5.0158414 5.6002591 5.1927413 5.0460419 5.6309611 5.6214232 5.1209286 5.4447465 4.7470032 4.8232213 5.0235409 5.0947844 5.0758889 4.6695084 5.0023187 4.8555482 4.8055629 5.0764211 5.4750789 5.0612977 5.3342460 6.8567394 5.3754407 5.4400425 5.4480676 6.6741960 5.5748618 5.5791715 5.1030590 5.9615327 5.6667714 5.6731339 5.9229753 6.4375086 6.6631549 6.2618411 7.1191815 6.3329122 7.2743309 6.4966366 6.8320168 5.8745734 7.1648727 6.9620451 6.3141667 6.2636357 6.3536759 5.9362041 
BRhit__Halobaculum_sp_MBLA0143__UniRef90_UPI00352426DC                     3.1601928 3.0122241 3.1374397 3.2818653 1.0574799 0.8806956 3.2610030 2.7596662 3.3012881 3.1968305 1.0030078 3.1848817 3.6783141 3.3160528 0.8999149 0.9607918 0.9260615 1.0140861 0.9367774 0.8792702 0.9354973 0.7823338 1.0429386 1.0103039 0.6221236 0.7612193 0.8457022 0.0000000 0.8714492 2.4019652 2.5150943 2.8184629 2.6387821 2.5631061 2.8940023 2.6114858 2.5119681 2.7882489 2.7943846 1.1520380 1.2415594 3.1374397 4.5642628 5.0427818 4.8372318 4.8277549 4.7836586 4.7532175 4.5254254 4.4819622 4.6862735 4.8732401 4.9960272 4.9255126 4.9171430 4.4199436 4.6355745 4.8142462 4.6242166 4.9506228 5.1061530 4.7732131 5.6335127 5.9814277 5.6332900 5.2709999 5.0672627 5.9051337 5.1405446 4.8428826 4.8207692 5.5660940 5.5204037 5.3940218 5.2684585 7.3161217 6.5990558 6.8892554 7.8286296 6.9098592 7.7713644 6.5577535 7.4720578 5.9248010 6.7582476 7.0105740 6.7301275 6.7793726 6.4385473 6.7629625 
BRhit__Halorubrum__UniRef90_A0A4U7F7H9                                     3.1203590 3.1560041 2.7159355 3.0609744 1.2986300 0.2298802 3.3572694 2.6295372 3.3603765 3.3907094 1.1726565 2.9258963 3.4608309 3.1784154 0.2563465 1.0193211 0.9963309 1.0800583 1.1210604 1.0851895 1.0904692 0.9725844 1.2371620 1.3434050 1.0046740 0.8315949 0.1456391 0.8714492 0.0000000 2.6890290 2.7711806 2.7732439 3.1863139 2.8530918 3.7963492 3.2201111 3.2797248 2.9062279 3.4117049 1.3101955 1.3997466 2.7159355 5.4419496 6.3281842 6.0997550 5.6835352 6.2399382 6.2142402 5.7027977 6.0830705 5.5255172 5.1862602 5.5878601 5.6608316 5.7763564 4.9365582 5.4286948 5.1543151 5.2957853 5.5787055 5.8675338 5.3832373 5.5945863 6.9828896 6.0149209 5.6435056 5.9181539 7.2168302 6.1158961 5.9158672 5.4977810 6.2678347 6.0998460 6.3339684 6.2810545 6.6386605 7.0379705 6.5929466 6.9796014 6.7753943 7.4043006 6.9487406 7.3807887 6.1975125 7.1810449 7.3010029 7.1169706 6.7718550 6.7833469 6.9558138 
GCyR2hit__Nostocales__UniRef90_A0A252D874                                  2.9555642 2.4028223 1.9709625 2.2050820 2.5688561 2.5534235 2.4887335 2.2806492 2.4804978 2.3097878 2.2716672 2.2313482 2.7554641 2.2180072 2.7463295 2.9062132 2.7951468 2.9474477 2.8026894 2.7809949 2.8341453 2.4115980 3.1065565 3.0108712 2.7373880 2.3785996 2.7147572 2.4019652 2.6890290 0.0000000 0.1373882 0.3542805 0.5298572 0.7570529 0.7808411 0.7705394 0.8951320 1.1120036 0.8981542 1.9401760 1.9598928 1.9709625 5.7342228 5.5913969 5.6165603 5.3763808 5.8340990 5.4289770 5.5085865 6.1004090 5.3279901 5.4087034 5.5112875 4.8955918 5.1018536 5.0404288 6.0615189 5.3909152 4.8175111 6.2049755 7.0709291 6.8358791 6.2703880 6.4582387 6.1162444 6.1562261 5.5229124 6.9410351 5.2563803 5.7681238 5.9505770 6.6387484 6.0215408 5.9333688 5.5674620 7.1164125 7.5357375 6.8902033 7.6571719 6.4139120 6.8162211 6.7660557 7.0682771 6.2089293 6.4057253 6.8436457 6.6066428 6.1300500 6.5290045 6.6841367 
GCyR2hit__Tolypothrix_bouteillei_VB521301__UniRef90_A0A8S9SVI8             2.9717631 2.5293393 2.0198718 2.2330502 2.4753858 2.7042988 2.4320035 2.4144702 2.4508894 2.4037893 2.2655674 2.2543729 2.9503919 2.2816441 2.8506826 2.9681049 2.9393134 3.1251867 2.9419248 2.9260437 2.9854235 2.5099850 3.2369921 3.0455840 2.8301251 2.4592433 2.8322943 2.5150943 2.7711806 0.1373882 0.0000000 0.3535719 0.4890315 0.7678265 0.7974025 0.7758979 0.9165491 1.0689857 0.9224586 1.9198810 2.0168519 2.0198718 6.5734119 6.1756076 6.2774960 5.9693696 6.5434456 6.0639221 6.2630974 6.8079236 6.2002040 6.3316334 5.9466901 5.6068761 5.8750674 5.7086993 7.2377355 6.1437095 5.4948300 7.0474078 8.0530982 7.8035337 6.8552439 6.7318002 6.1017579 7.1937453 6.0776852 7.3383063 5.6669097 6.3696128 6.2536657 7.2604363 6.0479816 6.5696121 6.2580050 7.5004332 8.3912178 7.4256681 7.9481632 7.3572747 7.3864100 7.3386818 7.6451422 6.4771820 7.0676420 7.2715246 7.1375522 6.5274601 6.9124960 7.2047572 
GCyR2hit__Nostoc_sp__UniRef90_UPI002FFB8FFD                                2.8033654 2.6217463 2.1437612 2.3744286 2.7393352 2.7629573 2.6639991 2.4149206 2.6754162 2.3921302 2.5827720 2.4827834 3.1522473 2.2592323 2.9637352 3.1303111 3.0139110 3.2259658 3.0233670 3.1246548 2.9432720 2.6349698 3.4079970 3.3236237 3.1177334 2.8213385 2.9168844 2.8184629 2.7732439 0.3542805 0.3535719 0.0000000 0.5312359 0.8031561 0.7524432 0.6894447 0.8867755 1.1120176 0.8970841 2.0874659 2.1634838 2.1437612 6.9550824 6.8611920 6.8532185 6.9380560 6.9492499 6.6515312 6.8813401 7.0431461 6.4907760 6.1474828 6.2186251 5.6779882 5.7996777 5.5789616 6.4353706 6.1039813 5.2865515 7.0608758 7.7052532 7.2507309 7.0553110 6.6112252 6.9250369 7.7877885 6.4146089 6.9806833 6.2583570 6.7079836 6.6566055 7.8667140 6.8942397 6.9419586 6.6229930 7.4571836 7.6037047 7.2641459 8.1456893 6.8357036 7.3235495 6.8471347 7.7762514 6.4114789 6.5956409 7.2226974 6.9552742 6.4836013 6.4028269 6.8250845 
GCyR2hit__Tolypothrix_sp_NIES_4075__UniRef90_A0A218QMM7                    2.9850817 2.7093050 2.3250061 2.5455342 2.7131499 3.0245253 2.6695263 2.5337040 2.5540311 2.3559438 2.8250954 2.5103846 3.1109427 2.4598696 3.2684574 3.1125995 2.9408460 3.0244840 2.8384235 3.0159309 2.9108830 2.7039843 3.4630775 3.3778016 2.9497280 2.7951648 3.1694193 2.6387821 3.1863139 0.5298572 0.4890315 0.5312359 0.0000000 0.9401214 0.6355710 0.9005325 0.7609548 0.9476690 0.8358356 2.3992090 2.5478351 2.3250061 6.1495167 6.5190074 6.7217299 6.1617431 6.8507690 6.5421120 6.4358116 7.0862884 6.5166548 6.1441908 6.1378878 5.8933819 5.8974327 6.3099875 6.8408102 6.5943632 6.1506636 7.8674528 8.0983199 8.1186302 7.4057565 7.2058313 7.4341264 7.6394920 6.2089712 7.8149425 6.7107235 6.9786612 6.7927870 8.4098677 7.7434158 6.8787437 6.8439420 8.5543583 8.9999984 8.9999982 8.9999986 8.9999986 8.2977948 8.2632068 8.9999989 7.8426364 8.5810376 8.0539694 7.8649978 8.0240326 7.7903263 7.4980337 
GCyR2hit__Pleurocapsa_sp_FMAR1__UniRef90_UPI0029C671DC                     2.7593239 2.5160309 2.4705142 2.4754895 2.2843901 2.9060774 2.4357445 2.3418598 2.4898064 2.1997162 2.1304701 2.3508339 3.2616092 2.3815907 2.9984669 2.9193640 2.7626023 2.8933740 2.7246988 2.8016735 2.8723099 2.4387211 3.1756504 3.0791248 2.7095348 2.5319281 3.0220361 2.5631061 2.8530918 0.7570529 0.7678265 0.8031561 0.9401214 0.0000000 1.2367819 0.8983584 1.2815128 1.1277176 1.2020380 1.9032391 1.9238859 2.4705142 6.1658706 5.6647619 5.5755060 5.3384589 5.8270595 5.4801583 5.8184164 5.7506248 5.2458567 5.8592130 6.2342679 4.9061452 5.1404194 5.2705033 6.1841617 5.5938512 4.9343337 6.3804163 6.6886337 6.6649635 6.3752842 6.0117065 5.8599679 6.6467962 5.4819935 6.7084553 5.2593104 6.4652536 5.7930641 6.1932717 5.3617452 6.4580635 6.2163965 7.3657652 7.5792585 7.2537956 7.7719486 6.6159628 7.5861597 6.9897307 7.2208703 6.4806069 6.9129955 7.2258789 6.1491254 6.5249738 6.8224632 6.3295580 
GCyR2hit__Nostocaceae_cyanobacterium__UniRef90_A0A838VMV4                  3.0937745 2.8272941 2.5930250 2.6936245 2.8654835 3.5310379 3.0935864 2.8434062 3.2360072 2.8028566 2.7177047 2.7679100 3.4056439 2.6369729 4.0035620 3.8156034 3.5718598 3.8085617 3.7287070 3.8220936 3.6473196 3.3746534 4.4003436 3.7124353 3.5604035 3.2755571 3.8598046 2.8940023 3.7963492 0.7808411 0.7974025 0.7524432 0.6355710 1.2367819 0.0000000 1.1131314 1.2205441 1.1503672 1.2177738 2.5722647 2.7715938 2.5930250 7.2525804 7.5642643 7.5094142 7.0807136 7.5411500 7.1655524 7.7089727 7.6604471 7.0332502 6.8183534 7.3690081 6.1657509 6.1421752 5.8450541 6.8174056 6.7088141 6.3481485 7.3343835 7.6923583 8.3822647 8.4251349 7.3537559 7.8100686 8.2141270 6.0059992 7.5400849 7.8730579 7.7937920 7.2830463 8.9999987 7.5941001 7.9338642 7.4963536 8.6734919 8.9999989 8.8231027 8.9999985 8.3376699 7.6643797 7.8589028 8.8403988 7.7589672 7.8532747 7.4732399 8.0726561 7.6653122 7.6746533 7.1454938 
GCyR2hit__Phormidesmis_priestleyi__UniRef90_UPI0009442622                  3.0162039 2.7550939 2.3749499 2.4501434 2.4211850 3.1094125 2.5251838 2.3882122 2.5845124 2.5606315 2.2661746 2.5100419 3.0677272 2.3544178 2.9955121 2.7815868 2.7092180 2.8207586 2.5109622 2.6985687 2.7252483 2.3445951 3.1858998 2.9814477 3.0164579 2.9446921 3.3008154 2.6114858 3.2201111 0.7705394 0.7758979 0.6894447 0.9005325 0.8983584 1.1131314 0.0000000 1.1856552 1.2698727 1.1318247 2.0218931 2.1515227 2.3749499 6.1579514 6.2790630 6.1928442 5.9290978 6.6587911 6.0064796 5.8428436 6.4100485 6.0797664 5.6245538 5.8851828 4.8637237 4.7888554 5.5384885 5.8787239 5.6429847 5.1097337 6.0269839 7.4826509 6.8981292 6.6914381 6.6686857 6.3144241 6.6079768 5.1795940 7.1542113 5.4233385 5.9029493 5.8351917 6.3354354 6.5126563 6.0948341 6.3521730 8.1341417 8.0665812 8.2456106 8.0362895 7.6095896 7.8774351 7.7179548 8.2053012 6.9791531 7.4810123 8.4180154 7.4864019 7.0643311 7.2062480 7.1773420 
GCyR2hit__Pseudanabaenaceae_cyanobacterium_LEGE_13415__UniRef90_A0A928V9X3 2.9680445 2.8331143 2.5996588 2.6402537 2.7793586 3.0695188 2.7977732 2.6528733 2.6742122 2.7062340 2.7434141 2.6010493 3.4611699 2.6125762 3.2689708 3.2005202 3.0683330 3.3851249 3.3355999 3.1931419 2.9098127 2.8086087 3.6645632 3.5333375 2.9935910 2.6383237 3.1406329 2.5119681 3.2797248 0.8951320 0.9165491 0.8867755 0.7609548 1.2815128 1.2205441 1.1856552 0.0000000 1.3234000 0.1855077 2.3619008 2.5128359 2.5996588 4.9856350 5.5848296 5.7057584 5.2077713 5.5642700 5.5034956 5.2729354 6.3710995 5.7881841 5.3837807 5.5429295 5.1152390 5.2412757 5.1866016 5.8358108 5.0690975 4.9646513 5.8889446 6.7288933 6.8979472 6.7727106 5.8805824 6.0126713 6.4774261 5.0700323 6.2999959 5.9898770 5.3542059 5.3456913 6.4118551 6.2146315 5.6556061 5.3714412 7.3933132 8.0873495 7.7370384 7.8266718 7.7747462 7.2748222 7.3140268 7.2333183 7.8718873 6.8001844 6.4076464 7.3114483 7.4228244 7.5825688 6.7545932 
GCyR2hit__Cyanobacteria_bacterium_QH_9_48_43__UniRef90_A0A2T2RN81          2.5280669 2.5751519 2.2089581 2.4886795 2.5114646 2.8767481 2.5587686 2.4570137 2.5005887 2.4200949 2.4649566 2.5397864 3.0578753 2.5086572 3.1317605 2.8508823 2.7118464 2.8150527 2.7703491 2.7924251 3.0395624 2.7108110 3.3471013 3.0199546 2.8916321 2.5933743 3.0607999 2.7882489 2.9062279 1.1120036 1.0689857 1.1120176 0.9476690 1.1277176 1.1503672 1.2698727 1.3234000 0.0000000 1.1633023 2.0218583 2.0494505 2.2089581 6.1576306 6.2073339 5.9918600 6.0936987 6.1510373 5.9283365 5.8449773 5.9184438 5.7031437 5.5138477 6.2326437 5.5195426 5.7099508 5.8952979 6.3807868 5.7959096 5.7915983 6.8527177 7.4500776 7.8525480 7.2151323 7.2907895 7.5059886 7.6188046 6.7306905 7.7637741 7.3001720 6.4327670 6.8506938 7.6230364 7.4998252 6.4527466 6.6144086 8.0739198 8.7272023 8.0218056 8.9601240 8.2594931 8.2327650 7.9035886 8.9410855 7.2915107 7.8222227 8.5792432 8.4482489 7.9260247 8.0500080 7.6002121 
GCyR2hit__Pseudanabaenaceae_cyanobacterium_LEGE_13415__UniRef90_A0A928YZN9 2.5760045 2.8629277 2.8004641 2.6830964 2.7788337 3.2646509 2.9940485 2.7478263 2.9161780 2.8493140 2.7286821 2.7867618 3.5792479 2.7902786 3.7902477 3.1820911 3.0828023 3.3960075 3.1948485 3.2514256 2.9879004 3.1694738 3.6200628 3.5925129 3.3714376 2.7788991 3.2781527 2.7943846 3.4117049 0.8981542 0.9224586 0.8970841 0.8358356 1.2020380 1.2177738 1.1318247 0.1855077 1.1633023 0.0000000 2.4151668 2.4870755 2.8004641 5.2980241 4.9302299 5.2330069 4.9343816 5.2666929 4.7263424 4.7571762 5.3699530 4.9916162 5.3603013 5.6813821 5.3090644 5.5244141 5.0631844 5.6109969 5.3748745 5.1720424 5.9235891 6.1124433 6.2429818 6.9403667 6.1877772 6.3482810 6.0127203 5.6170570 6.0721271 6.0219436 5.7915870 6.1977204 6.2528061 6.3075824 5.9374720 5.7358903 7.8487999 8.9999990 8.1189660 8.2707523 8.7262406 8.4201793 8.1374374 8.0113549 8.0613210 7.2625348 6.9808607 7.7420232 7.6749290 7.6025834 6.9450135 
GCyR2hit__Halegenticoccus_tardaugens__UniRef90_UPI00100C2973               2.9768598 3.0692834 2.5182412 2.6300839 0.6230884 1.2449375 2.6598662 2.7856514 2.7501129 2.6373102 0.7548799 2.8141400 2.8904734 2.6262596 1.4207769 1.2689800 1.2889655 1.2604702 1.2781908 1.2608122 1.0933528 1.1267214 1.4540964 1.4299492 1.0510953 1.3431491 1.2570954 1.1520380 1.3101955 1.9401760 1.9198810 2.0874659 2.3992090 1.9032391 2.5722647 2.0218931 2.3619008 2.0218583 2.4151668 0.0000000 0.2400912 2.5182412 4.8681023 5.1792146 5.0647636 5.2605154 5.0109031 4.9407352 4.7654211 5.2871287 4.8445147 4.4838208 5.0700197 4.8900612 5.0246364 4.5781983 4.7758583 4.7699351 4.2268398 4.9983298 5.8159839 5.7873184 5.4219341 5.5495257 5.8567264 5.7291982 5.2078238 5.6195446 5.3571594 5.0437798 5.7089590 5.4161203 5.8811130 5.2802615 5.5583387 7.3521548 7.2633287 6.8741566 7.4839396 6.7782078 7.2142915 7.0950074 7.0657819 6.6284693 7.0523937 7.3036246 6.7353442 7.2100210 7.4682185 6.5558524 
