90
YCyR2hit__Nodosilinea_nodulosa__UniRef90_A0AAJ6N6B2                        0.0000000 2.3118067 2.4685012 2.5765206 2.8749044 3.0713384 2.6936067 2.5067123 2.5882420 2.5700733 2.7895467 2.6897988 2.8668528 2.7336542 3.0242397 3.9375479 3.9981896 3.9976064 4.1364455 3.9533002 3.8083930 4.1005460 3.9254511 3.7117149 3.5537204 3.1713501 3.2803464 3.0600614 3.0458618 3.3942148 3.0747349 3.0928258 2.8777681 3.0311039 2.8436242 3.0611326 3.0191525 3.0560858 2.4810384 3.1255799 3.1954453 2.4685012 3.0175792 3.0908145 2.9096941 7.2471286 8.0965632 7.7305036 7.6347894 7.3021037 6.9511163 8.1452352 7.2931152 8.5230714 7.5136990 7.6639901 6.4061917 8.9999989 7.6553835 7.2442208 8.0752652 8.9999990 8.9999989 8.9999984 8.9999985 8.9999989 8.0911643 8.9999985 8.9999989 8.7680518 7.9629702 8.9999989 8.9999983 8.9999980 8.3643166 7.5879949 7.7535400 8.6863273 8.1545465 8.9800213 8.9999989 8.5117371 8.9999987 6.5642127 8.1443286 8.9999986 7.4540615 8.3288357 7.6781239 7.8916569 
YCyR2hit__Pseudanabaena_sp_FACHB_2040__UniRef90_A0A926ZYX4                 2.3118067 0.0000000 0.8353780 0.6750801 3.2721517 3.0555950 1.2760395 0.7452294 1.1538097 0.8776833 3.3759586 0.6953119 1.2146987 0.7576267 3.1418447 3.3981146 3.2761706 3.3410221 3.3581555 3.4700894 3.4323807 4.0120658 3.5024674 3.7717974 3.4697836 3.2554904 2.9448683 3.0946302 3.0991144 3.4630338 2.3381658 2.4651662 2.5605990 2.6441542 2.4514097 2.7654184 2.6934445 2.7655149 2.5049579 3.0145039 3.1410400 0.8353780 2.8712284 2.6864632 2.8852453 5.4385758 5.9049964 5.5671752 5.7464088 5.5759967 6.0116467 5.8414474 6.3529359 6.8533475 6.6142629 6.7919359 5.7291539 6.6971949 5.9949682 6.2100808 6.2188750 6.3804260 6.7713556 6.4690854 7.0971966 7.5659360 6.7868068 5.9433617 7.3655564 7.7213995 5.5967187 5.5830252 7.2139354 7.5661160 5.6264177 6.3723874 6.2597412 6.6031760 6.9589703 6.7558294 6.6390068 6.8042493 6.6202796 6.7712543 6.4285508 6.6807209 6.3897912 8.0590392 7.2902171 6.8616764 
YCyR2hit__Leptolyngbya_sp_FACHB_261__UniRef90_A0A926UF78                   2.4685012 0.8353780 0.0000000 0.4956021 2.9188801 2.7856146 0.8987525 0.5847061 0.9659864 0.6861928 2.6809244 0.6136022 1.1218951 0.5532394 2.8328846 2.8670141 2.7449035 2.9670225 2.9393459 2.9679799 3.0146390 3.3977753 3.1142531 3.1574718 3.2017290 2.6991131 3.0571161 2.6507691 2.6611233 3.2713162 1.9159375 1.9664816 2.0922391 2.2556033 2.4011462 2.5273077 2.3266668 2.5204298 2.1427940 2.4668938 2.7202123 0.0000010 2.4895402 2.4374708 2.2732075 6.3277710 6.4240477 5.8934922 6.3340463 6.1041480 6.3049991 5.9130429 6.1002032 6.3224961 5.6952979 5.5638450 5.6834383 6.3781408 6.1381208 5.8997423 6.6607667 6.7049553 6.7871585 6.4919386 8.2344845 7.4991121 7.4460088 6.8528118 8.5351015 7.9965845 6.6364057 6.8785713 7.9584891 7.3431010 6.7122888 6.9361733 6.9128855 6.5318449 6.5901038 6.9502552 6.5756678 6.6952723 6.9524616 6.5796307 6.5538855 7.0999129 6.7923374 7.0248929 6.9974103 6.6955623 
YCyR2hit__Hassalia_byssoidea_VB512170__UniRef90_A0A846HFU5                 2.5765206 0.6750801 0.4956021 0.0000000 3.0492150 2.9389425 0.8443908 0.4999071 0.8429798 0.5968966 3.0890090 0.5544062 1.0647637 0.3398314 2.9467076 3.1009249 3.0241975 3.2247624 3.2502007 3.1830044 3.4562105 3.6304028 3.1818361 3.2944279 3.3038364 3.0884373 3.2052815 2.9992274 3.0668228 3.2102476 2.1422630 2.1730087 2.3135300 2.4813605 2.4061389 2.6344530 2.3889718 2.5713380 2.4192149 2.5748579 2.8185430 0.4956021 2.6222901 2.5092021 2.5325321 5.6305285 5.9270958 5.6772237 6.2871568 5.9890206 6.1138360 6.0395724 6.0735038 6.0675282 5.3452130 5.8681556 5.4612095 6.3649714 5.5598657 5.4633037 5.9351450 5.8212776 6.3802611 6.0087758 7.1166699 7.8703539 6.8948991 6.3867408 7.6014413 7.4840746 6.1163762 6.2365386 7.4752847 7.6701679 6.1637618 7.0754280 7.2097144 6.9089227 7.2941816 7.0320035 6.6942334 6.7643239 6.6116258 6.3601949 6.8943439 6.8665155 6.5997809 7.2770790 6.9224782 6.7038802 
YCyR2hit__Halorientalis__UniRef90_A0A1G7PUC9                               2.8749044 3.2721517 2.9188801 3.0492150 0.0000000 1.2969713 2.6091879 2.8242049 2.6587880 2.9437472 0.2345617 2.8608204 3.0282801 3.1088653 1.3278572 1.3271017 1.3192420 1.3253892 1.3225940 1.3127764 1.1412320 1.6179541 1.5932213 0.9691499 1.4841647 1.2227695 1.0841632 1.2929464 1.2251474 1.0380273 2.4995312 2.4104993 2.6946878 2.6501767 2.3845621 2.8350182 2.3869021 2.7141937 2.4331743 0.6352079 0.6964954 2.9188801 0.7470100 0.6877964 0.7298271 5.7604410 6.4100271 6.3079401 6.0789763 6.5373782 6.3604486 6.2219832 5.5060650 6.1236874 5.8509753 5.8931225 4.9696700 6.2420975 5.9115114 5.4768287 5.9775302 7.3779622 6.6408470 6.7148642 6.6503359 6.3355521 6.6150650 7.3413374 7.0071740 5.7769002 5.8306393 6.6938541 6.8287866 6.8464933 5.9870232 8.8343824 8.9809323 8.4737050 8.6071582 8.8923489 8.9999985 8.9999989 8.9668591 8.0205350 8.3912068 7.8739307 7.7182319 8.9999980 8.6349776 7.5801161 
YCyR2hit__UnknownTaxon__UniRef90_P29563                                    3.0713384 3.0555950 2.7856146 2.9389425 1.2969713 0.0000000 3.1457947 2.6924521 3.3738536 3.3230904 1.1048883 2.8848828 3.5517363 3.1202962 0.2562460 1.1632368 1.1539784 1.2397322 1.1630285 1.0883279 1.1209772 1.1729256 1.2984105 0.9313522 0.9218640 0.2477433 0.9362097 0.2268182 0.1754230 0.8625861 2.5023348 2.6488467 2.7083129 2.9764995 2.9042570 3.4958686 3.0592504 3.0055350 2.8240585 1.2412049 1.3750546 2.7856146 1.3026266 1.1727216 1.3551183 5.8404826 5.9067639 5.9478208 5.5451872 6.1523924 5.6213115 5.8280100 5.0337511 5.4061454 5.4541245 5.2818914 5.3482219 5.4421991 5.2023952 4.4307148 5.5316432 6.2304606 6.0259971 6.0148505 7.0625232 6.6199851 5.4939326 6.4155742 7.2083606 6.6528542 5.9370430 6.2014132 6.3107075 6.9666887 6.5632900 7.1873781 6.7177023 6.9938429 7.1216159 7.3226531 7.8229835 6.9182605 7.5258424 6.4347751 7.7079070 7.0795924 6.8603112 6.9053995 6.8179271 6.7954867 
YCyR2hit__Leptolyngbya_ohadii__UniRef90_UPI000B5A185C                      2.6936067 1.2760395 0.8987525 0.8443908 2.6091879 3.1457947 0.0000000 0.8516697 0.1260438 0.9736026 2.5385377 0.9576968 1.0088322 0.9867702 3.1017061 3.2925589 3.2757541 3.3378826 3.2579535 3.4022580 3.3695743 4.0088091 3.0465488 3.3705699 3.5743783 3.1900117 3.1716658 3.2944475 3.2979066 3.2958539 2.4309060 2.3767715 2.6011473 2.6090523 2.3730559 3.0309245 2.4599506 2.7360438 2.4842405 2.6018008 2.8679812 0.8987525 2.7493631 2.4158079 2.6543947 6.0587418 6.7544736 6.4756486 6.5280158 6.7065384 6.8310255 6.0885060 6.1503222 5.9752838 5.1855450 5.3952346 5.3174723 5.8366142 5.6767525 5.3099404 6.9235491 6.5691299 6.8987334 6.5704327 7.0937134 6.9172054 6.4458482 6.5538547 7.7928851 7.2894052 6.2329131 7.2796558 7.5085432 6.7803691 6.1134583 6.7293034 6.8149855 6.8572373 6.9775333 6.5979725 6.1841745 6.5325238 6.4348621 6.6889498 6.8843951 6.4509997 6.5963480 7.6381583 7.2131969 6.2956795 
YCyR2hit__Aliterella_atlantica_CENA595__UniRef90_A0A0D8ZW42                2.5067123 0.7452294 0.5847061 0.4999071 2.8242049 2.6924521 0.8516697 0.0000000 0.8628027 0.6035809 2.5935538 0.5704997 1.1695438 0.5222854 2.5407514 2.8341748 2.7898009 3.0396369 2.9674785 2.9694496 3.0858958 3.2312076 2.5848713 2.9731435 3.3334005 2.7292799 2.6787047 2.5634401 2.5424458 2.9419542 2.2167728 2.3488242 2.3504160 2.4731816 2.2776429 2.7824050 2.3259164 2.5808925 2.3918417 2.7306631 2.9900643 0.5847061 2.7334977 2.5450055 2.6074458 5.4161595 5.3598108 5.1806040 5.3845489 5.4133664 5.4533544 5.0517159 5.5838683 5.4378863 4.5406532 5.2280753 4.6534981 6.0023885 4.8552304 4.9143100 5.7102176 6.1443653 6.1275542 5.6284354 5.9051227 6.3977746 5.1629832 4.9230885 6.3816736 6.2544555 4.9402437 4.7834304 5.8133582 6.2460230 4.8336919 6.1074911 5.9257854 6.1552336 6.3366517 5.9933330 6.4363129 6.1810747 6.1163674 5.4759572 5.8054777 5.9567396 5.4891632 6.3114110 5.7794739 5.8578607 
YCyR2hit__Cyanobacteriota__UniRef90_A0A926PVG5                             2.5882420 1.1538097 0.9659864 0.8429798 2.6587880 3.3738536 0.1260438 0.8628027 0.0000000 0.9658914 2.7034726 0.9107247 0.9127203 0.9884437 3.1787642 3.2715523 3.2917171 3.1914724 3.2613446 3.3137576 3.5354863 4.0952550 3.1577743 3.4086563 3.5778335 3.1826097 3.2203366 3.3047212 3.3465117 3.3941978 2.4189006 2.3931135 2.6125182 2.4952169 2.4272174 3.1746429 2.5137185 2.6077001 2.4271673 2.6903445 2.9424777 0.9659864 2.8387020 2.4993280 2.7565659 6.1725478 6.4460581 6.2788655 6.6059350 6.3250643 6.5254417 5.9118403 5.5912364 6.1055749 5.4171836 5.5853150 5.1379880 5.7911716 5.5370170 5.4064867 6.5145150 6.1466627 6.3924436 6.3777536 7.7203924 7.0467167 6.6791403 6.9023874 7.9917096 7.1873883 6.0238895 6.7577592 7.5679793 6.9326699 6.0780956 6.7440748 7.0777418 7.2487952 7.1781603 6.8607633 6.5111707 6.8441410 6.7155408 6.3668952 6.7222840 6.7041376 6.9387931 7.8334239 7.2318686 6.4371949 
YCyR2hit__Microcoleus_sp_FACHB_1515__UniRef90_A0A926U182                   2.5700733 0.8776833 0.6861928 0.5968966 2.9437472 3.3230904 0.9736026 0.6035809 0.9658914 0.0000000 2.9451306 0.5982115 1.1891058 0.5781262 3.3097809 3.2481888 3.2123337 3.2522428 3.3244885 3.4491969 3.6069144 3.7841288 3.3836394 3.1137418 3.6364040 3.1890228 3.1293236 3.3373542 3.3503109 3.3372794 2.2646730 2.3571757 2.3505721 2.3117966 2.1537986 2.7586028 2.5066500 2.6536014 2.3635373 2.5905611 2.8235120 0.6861928 2.7087070 2.4525858 2.5877367 5.2013968 5.2315524 4.8161739 5.3890630 4.8761152 5.1884441 5.5084500 5.5381017 5.3741835 4.6598877 5.1101034 4.9623736 5.6027107 5.4206066 4.6453570 5.5697340 5.4210922 5.7725592 5.3998579 6.9780920 7.1174395 6.8232539 5.9371980 7.4773217 6.9658861 6.1378731 6.2376449 6.8598249 6.5844955 6.1786668 7.0419376 6.6870628 6.8444830 6.9626491 7.0124314 6.5680274 6.7278542 6.7444316 6.8106128 6.7785719 7.5216727 6.6784835 7.3689623 7.1643123 6.8985337 
YCyR2hit__Halorientalis_marina__UniRef90_UPI001FF6C9D7                     2.7895467 3.3759586 2.6809244 3.0890090 0.2345617 1.1048883 2.5385377 2.5935538 2.7034726 2.9451306 0.0000000 2.8997650 2.8578093 3.1004245 1.2072558 1.2053834 1.2179742 1.2016255 1.1486578 1.2104272 1.0352537 1.3714899 1.3768624 0.9411041 1.2857496 1.1111077 1.0033720 1.1567656 1.1126587 1.0262040 2.2244165 2.2192622 2.5395707 2.7725952 2.1820612 2.6938649 2.1964338 2.6691468 2.3745722 0.7370284 0.7541519 2.6809244 0.7861796 0.7286155 0.7878625 5.6510053 5.7632866 5.5324407 5.2409421 5.7577984 5.7758989 5.8769769 5.3505215 5.5951800 5.2179682 5.2929234 4.8074376 5.9705667 5.4200294 5.2469900 5.2086120 6.4898768 6.1029190 6.1531481 6.3798017 6.0777856 6.1308870 6.3465755 6.8093623 5.5886225 5.4723861 5.8538982 6.2053431 6.4225364 5.6817561 8.2803054 8.6131185 8.3779179 7.8478033 8.0374575 8.7746506 7.9534312 8.3569317 7.7025181 8.3723947 8.1687122 7.7553462 8.9818576 8.3293923 7.2098535 
YCyR2hit__unclassified_Leptolyngbya__UniRef90_UPI0016884D19                2.6897988 0.6953119 0.6136022 0.5544062 2.8608204 2.8848828 0.9576968 0.5704997 0.9107247 0.5982115 2.8997650 0.0000000 1.1603727 0.5831841 2.8285256 2.9788992 2.7964977 3.1244102 3.1838608 3.0617008 3.2834694 3.7957519 3.0468333 3.2406905 3.3990353 2.8592451 3.1008205 2.8664129 2.7512748 3.3296958 2.1665609 2.1912587 2.4198211 2.4507210 2.2822294 2.7107695 2.4604399 2.5438723 2.4677315 2.7662270 2.8895217 0.6136022 2.6789768 2.4726572 2.5984453 5.3439695 5.3679281 5.1926645 5.4126565 5.1876376 5.3599322 5.5644322 5.2855249 5.4352558 4.9060742 5.3466684 4.6847315 6.0757424 5.2003006 5.0379972 5.9236668 5.8036141 6.1016649 5.2477600 5.9354042 6.5842019 6.0007590 5.6800525 6.5060766 6.8208195 5.7617869 5.5084260 5.9923937 6.6398725 5.8605303 6.9317887 7.1083107 6.7933669 7.1285177 7.0779602 6.7360026 7.0881428 6.6357395 6.5494506 6.7004962 7.3909675 6.6058454 7.8118270 7.0043869 6.9115168 
YCyR2hit__Leptolyngbya_sp_NIES_2104__UniRef90_A0A0P4V0S4                   2.8668528 1.2146987 1.1218951 1.0647637 3.0282801 3.5517363 1.0088322 1.1695438 0.9127203 1.1891058 2.8578093 1.1603727 0.0000000 1.2594925 3.3921414 3.5789607 3.4314899 3.5005884 3.7264644 3.5186117 3.7432343 4.2853827 3.7431887 4.3321420 3.7286591 3.5206066 3.6242642 3.4215876 3.4427780 3.7346875 2.7041474 2.9004821 3.1002366 3.0686311 3.2192851 3.3695605 3.0275257 3.4207469 3.0026313 2.8462151 2.9733395 1.1218951 3.0162490 2.5374612 2.7835435 6.7464538 6.7865469 6.4427066 6.8339997 6.6794714 6.4671708 6.8773327 6.4075872 6.3472456 6.3093244 6.1059191 6.7465345 6.5244842 7.1737666 6.0757910 7.4123038 6.9094582 7.5903724 7.8759409 7.9615488 8.0163092 8.0422567 6.6738745 8.8267254 7.8294117 7.2151836 6.8815267 7.9549466 7.7188969 7.3806027 8.1264268 7.6969212 7.4803169 7.5902032 7.2374576 7.0756075 6.8142397 7.2728591 7.6872450 8.0955883 7.6964363 7.5784366 8.8119735 7.9540140 7.2612285 
YCyR2hit__unclassified_Nostoc__UniRef90_A0A252DUV9                         2.7336542 0.7576267 0.5532394 0.3398314 3.1088653 3.1202962 0.9867702 0.5222854 0.9884437 0.5781262 3.1004245 0.5831841 1.2594925 0.0000000 3.0752127 3.2609251 3.1200879 3.4107416 3.3827252 3.4078299 3.5091232 3.6720269 3.1766893 3.4380447 3.6834789 3.1361252 3.2419835 3.1145287 3.1733326 3.3502611 2.1572634 2.2214266 2.1970307 2.4005542 2.3083916 2.5742417 2.2985808 2.5418671 2.4356637 2.5656552 2.9703000 0.5532394 2.5810930 2.4823352 2.5281713 5.9573398 6.1448483 5.8200877 6.2728433 5.9845572 6.0943321 6.1504526 5.8512358 6.1439556 5.4109760 5.7113419 5.5671292 6.3909965 5.4570531 5.4759389 6.2709057 6.2544171 6.3009648 5.9845915 6.2039766 7.0568163 6.8193667 5.8417577 6.5200141 6.8084919 6.0746202 5.4980003 6.2893355 6.7138698 5.9982450 7.4552762 7.6204214 7.2929043 7.8286873 7.6147751 7.4770158 7.1702306 7.2240936 6.6979512 6.9241401 6.9951141 6.6182264 7.4493464 7.1654761 7.0623421 
YCyR2hit__Natronomonas_moolapensis__UniRef90_M1Y5I7                        3.0242397 3.1418447 2.8328846 2.9467076 1.3278572 0.2562460 3.1017061 2.5407514 3.1787642 3.3097809 1.2072558 2.8285256 3.3921414 3.0752127 0.0000000 1.1961017 1.2462101 1.2806665 1.1951559 1.1280807 1.2038027 1.2416817 1.3672327 1.0014566 0.9600813 0.2538855 0.9579478 0.2531420 0.3304202 0.9058969 2.6895327 2.7904729 2.9044655 3.2180558 3.0111829 3.9835107 2.9446698 3.2112088 3.0766848 1.4034163 1.4875279 2.8328846 1.4609587 1.3362816 1.4083907 6.0695657 6.4293709 6.4503740 5.9960884 6.4337639 6.1974613 6.3138122 5.1793205 5.7979720 5.3385754 5.5807805 5.4618270 5.4229836 5.2546771 4.8188821 5.6224806 6.4484917 6.1165986 5.9004178 7.0998017 6.6413857 5.1499359 6.4044537 7.6451991 6.4559796 5.9992579 6.0209015 6.2023161 7.0514600 6.7413510 7.7227060 7.3446502 7.4347408 7.5825475 7.5639186 8.1951113 7.0933200 7.7750338 6.5802815 8.1153996 7.6415779 7.1067001 7.2042849 6.9445555 6.9221295 
BRhit__Halobacterium__UniRef90_P02945                                      3.9375479 3.3981146 2.8670141 3.1009249 1.3271017 1.1632368 3.2925589 2.8341748 3.2715523 3.2481888 1.2053834 2.9788992 3.5789607 3.2609251 1.1961017 0.0000000 0.0867316 0.2182600 0.2601211 0.2090033 0.3858233 0.7297410 0.7950731 0.8997579 0.9951848 0.9996399 0.9326016 1.0437693 1.0635751 0.9869425 2.8462078 2.9079342 3.0693175 3.0613931 2.8953237 3.7703642 2.7284435 3.1333466 2.7974628 1.2682244 1.4173313 2.8670141 1.3168019 1.2895752 1.3671299 6.6465876 6.6563254 6.5823108 5.8262004 6.7776091 6.4501901 6.1336032 5.2435861 5.7348126 5.7405217 5.8285027 4.6450674 5.7355642 5.3424737 4.9932924 5.6071056 6.0886102 6.0793499 5.5066777 5.8840527 6.1020175 5.1494665 6.0933697 6.2190340 6.2041521 5.4813985 5.6320711 6.2494413 6.1918727 5.5418051 7.2476172 7.3464073 6.8616277 7.2831773 6.7719549 6.5911049 6.2528087 6.2715026 6.9963834 6.5860366 6.7311004 7.4746281 6.7688731 7.1332627 6.9397971 
BRhit__Halobacterium__UniRef90_UPI001F011AB0                               3.9981896 3.2761706 2.7449035 3.0241975 1.3192420 1.1539784 3.2757541 2.7898009 3.2917171 3.2123337 1.2179742 2.7964977 3.4314899 3.1200879 1.2462101 0.0867316 0.0000000 0.2105456 0.2723640 0.1829243 0.4129212 0.7545886 0.7816978 0.8790828 0.9648970 1.0071106 0.9000000 1.0199041 1.0276980 0.9423507 2.7361496 2.8803939 2.9539515 2.8916339 2.7399773 3.5199007 2.6578315 3.0021679 2.6592343 1.2966853 1.4144704 2.7449035 1.3906096 1.3292359 1.3917762 6.4888378 6.4304927 6.3959153 5.6361981 6.5625192 6.3645644 5.8960891 5.1782545 5.7311391 5.5410295 5.6375795 4.6344415 5.3342194 5.2815300 4.8906831 5.4794786 6.0046384 5.8187860 5.3845273 5.8683546 6.1458370 5.1224383 6.0965480 6.1452164 6.0907852 5.4526060 5.6293204 6.1422732 6.0968069 5.4421275 7.3320444 7.2808012 6.3642018 7.4082751 6.7445300 6.4650379 6.3551207 6.3497300 7.2850392 6.5514810 6.4820443 7.1875507 6.6633935 7.3431406 6.8056572 
BRhit__Haloplanus__UniRef90_A0A6B9F3P5                                     3.9976064 3.3410221 2.9670225 3.2247624 1.3253892 1.2397322 3.3378826 3.0396369 3.1914724 3.2522428 1.2016255 3.1244102 3.5005884 3.4107416 1.2806665 0.2182600 0.2105456 0.0000000 0.1743121 0.1716212 0.2374631 0.7642774 0.8139523 0.8847950 1.0079553 1.1198400 1.0062279 1.1340898 1.1607813 1.0805474 2.8881323 3.0640922 3.1641333 2.9718993 2.8580973 3.7597042 2.7639395 3.3212964 2.7631192 1.2611141 1.3384737 2.9670225 1.3471095 1.3355716 1.4152308 6.3042752 6.0979587 6.2478048 5.4952994 6.3511841 6.0260361 5.8922167 5.3131537 5.5297714 5.6818130 5.7428736 5.0118329 5.3032317 5.8550369 4.9485680 5.7052869 6.3346328 6.2959897 5.7071026 6.4099704 6.5970100 5.1430326 6.5096454 6.5797453 6.0705432 5.5900260 6.2469698 6.1461622 6.6765620 5.6096391 7.9292017 7.6888363 7.1514261 8.0189183 7.1635658 7.1918194 7.0174057 7.2324222 7.2328782 7.2327469 6.7769665 7.6638810 7.0675208 7.3959200 6.9969413 
BRhit__Haloplanus_natans__UniRef90_UPI000A5CE34D                           4.1364455 3.3581555 2.9393459 3.2502007 1.3225940 1.1630285 3.2579535 2.9674785 3.2613446 3.3244885 1.1486578 3.1838608 3.7264644 3.3827252 1.1951559 0.2601211 0.2723640 0.1743121 0.0000000 0.1786534 0.3137312 0.6591343 0.7270134 0.8253690 0.9965707 1.0822455 0.9386307 1.1950618 1.2212452 0.9711966 2.7452805 2.8818680 2.9665128 2.7883562 2.6929031 3.6885923 2.4603662 3.2695192 2.7169028 1.2748055 1.3512868 2.9393459 1.2891930 1.2547075 1.3194528 6.1531223 5.9764918 5.9885516 5.3809260 6.1069910 5.8919582 5.9580051 5.4440552 5.6275489 5.5900360 5.4978127 4.8675490 5.3111585 5.9283092 4.5980313 5.6091364 6.3611676 6.1240355 5.7531855 6.1479751 6.5300518 5.2957668 6.2603707 6.3063097 6.6027875 5.4970301 5.7724855 6.0877396 6.7328612 5.9484553 7.5821275 7.2427844 6.7497677 7.5287107 6.6928177 6.8347570 6.4071998 6.7393771 7.4687529 6.8849224 6.4033843 6.8035763 6.8764997 7.5104043 6.3540569 
BRhit__Halobaculum_rubrum__UniRef90_UPI001CA389E1                          3.9533002 3.4700894 2.9679799 3.1830044 1.3127764 1.0883279 3.4022580 2.9694496 3.3137576 3.4491969 1.2104272 3.0617008 3.5186117 3.4078299 1.1280807 0.2090033 0.1829243 0.1716212 0.1786534 0.0000000 0.2700950 0.6352021 0.7641860 0.8331237 0.8894839 1.0273548 0.8606620 1.0822725 1.1014467 0.9945221 2.7210468 2.8629048 3.0641668 2.9671751 2.7662003 3.7801893 2.6423315 3.1249132 2.7407421 1.2555789 1.3651656 2.9679799 1.3442651 1.3024705 1.3623884 5.7221997 5.5943215 5.6787711 5.1438326 5.8118325 5.6839453 5.3929822 5.0430576 5.5702149 5.2793923 5.4390646 4.7225580 5.2853681 5.2669831 4.6654690 5.2887347 5.6715904 5.6464491 5.4422982 5.8134615 6.3279029 4.9478108 5.9145522 6.0812348 5.8413477 5.2748269 5.7925295 5.5843818 6.3837709 5.9262454 7.1201853 6.7546871 6.2555440 6.7633873 5.9847868 6.2928566 5.9322919 5.9080653 7.3001914 6.2585850 5.9847501 6.5510873 6.7886965 7.4646363 6.1756896 
BRhit__Halohasta_salina__UniRef90_UPI002110EEC8                            3.8083930 3.4323807 3.0146390 3.4562105 1.1412320 1.1209772 3.3695743 3.0858958 3.5354863 3.6069144 1.0352537 3.2834694 3.7432343 3.5091232 1.2038027 0.3858233 0.4129212 0.2374631 0.3137312 0.2700950 0.0000000 0.6411963 0.9121734 0.8184088 1.0391073 1.0775197 0.9437643 1.1632634 1.1569162 0.8926690 2.7807187 2.9289281 2.8854531 2.8658249 2.8773192 3.6020199 2.6789651 2.8505717 2.9911083 1.1183869 1.1836307 3.0146390 1.2746000 1.1670819 1.3599513 5.6257212 6.1141157 6.4229689 5.6974264 6.3225710 6.2399192 6.0933246 5.3285790 5.7869949 6.1458554 5.9176123 4.9891200 5.1295084 5.3162882 5.1937037 5.0643890 6.0921540 5.9620369 5.7553094 6.2763464 7.4690590 5.0384564 6.6747449 6.1623889 6.6001374 5.1174166 6.4091042 6.2531384 7.0242040 5.6099997 7.4770896 7.1478585 7.3121484 7.5009083 7.1854184 7.2935412 6.9810047 7.2013742 7.6710754 6.6656972 6.8463265 7.3937755 7.4501906 7.8820268 6.9453282 
BRhit__Halobacteriales_archaeon_QS_8_69_26__UniRef90_A0A2R6JS63            4.1005460 4.0120658 3.3977753 3.6304028 1.6179541 1.1729256 4.0088091 3.2312076 4.0952550 3.7841288 1.3714899 3.7957519 4.2853827 3.6720269 1.2416817 0.7297410 0.7545886 0.7642774 0.6591343 0.6352021 0.6411963 0.0000000 0.7385523 0.7493160 0.9940580 1.1875662 1.1010209 1.2258089 1.1950298 0.8628501 3.0584117 3.1880788 3.3623390 3.4282105 3.1830916 4.3926734 3.1466607 3.6098112 3.3011834 1.4880773 1.5905162 3.3977753 1.6514045 1.4676646 1.7207747 5.1647836 4.8895276 5.1559813 4.9088969 5.2885357 5.0216823 5.1851900 5.2286561 5.4701502 5.4968188 5.3967618 4.8992401 5.1450929 5.0106784 4.5625842 5.0974081 6.0491453 5.8770262 5.7921200 6.2300122 6.1472132 4.9200706 6.5698968 6.1731459 6.0237833 5.2584470 5.9922146 6.0075916 6.1291025 5.6682786 7.5994577 7.4974618 7.8114571 7.6957232 7.5641828 7.7833700 7.2543380 7.7919661 6.9711974 7.2344923 6.7568235 7.5894206 7.2311011 7.1538911 6.8811347 
BRhit__Uncultured_archaeon__UniRef90_I1X958                                3.9254511 3.5024674 3.1142531 3.1818361 1.5932213 1.2984105 3.0465488 2.5848713 3.1577743 3.3836394 1.3768624 3.0468333 3.7431887 3.1766893 1.3672327 0.7950731 0.7816978 0.8139523 0.7270134 0.7641860 0.9121734 0.7385523 0.0000000 0.8044422 0.9540034 1.2334550 1.0568918 1.3597134 1.3247884 1.1054701 2.9540836 2.9866816 3.2680025 3.3390519 3.1209031 3.6731164 2.9055913 3.4789108 3.0351038 1.4374377 1.6191611 3.1142531 1.6651051 1.5712197 1.6355244 5.5410100 5.3090292 5.5075297 5.0653176 6.0286602 5.1739199 5.1779815 4.4814945 5.1287512 5.2417900 4.9187062 4.2691588 4.8827941 4.5524104 4.4806187 5.0359710 5.4425036 5.2522204 5.1791312 5.8902455 6.2116390 4.9985512 5.5860496 6.4033692 5.9403533 5.0424032 4.9012734 5.7118872 5.8465560 5.1865910 6.8048692 6.9048106 7.0085140 7.3562583 6.8844177 7.1533539 7.1378324 7.1561216 7.5529753 7.2793575 6.7470561 7.6948380 7.7080731 7.5124749 7.2126777 
BRhit__Halorientalis_regularis__UniRef90_A0A1G7RA78                        3.7117149 3.7717974 3.1574718 3.2944279 0.9691499 0.9313522 3.3705699 2.9731435 3.4086563 3.1137418 0.9411041 3.2406905 4.3321420 3.4380447 1.0014566 0.8997579 0.8790828 0.8847950 0.8253690 0.8331237 0.8184088 0.7493160 0.8044422 0.0000000 0.8867220 0.8759137 0.6643892 0.9880771 0.9602111 0.6027405 2.6975511 2.7886929 3.0793023 2.9180329 2.8258192 3.5358348 2.9787700 2.9331980 2.8436202 1.0488539 1.2134756 3.1574718 1.3710301 0.9719998 1.2980162 5.8248313 5.9983713 6.1642385 5.7345989 6.5636036 6.0847573 5.3786053 5.4581222 6.2008737 6.0197364 5.6147358 5.0613147 5.5848536 5.6337551 5.0950547 5.1631865 6.2886741 5.9945594 6.4832879 6.5610788 6.2454826 6.1203763 6.2722540 6.4103198 5.7625430 6.1024664 5.8179294 6.3839886 6.1078996 6.1682331 8.4935695 8.7584603 8.9999983 8.9999981 8.9999988 8.9999981 8.9999988 8.9999987 8.3168415 8.5193631 8.9999988 8.1601581 8.9068093 8.9010094 7.6063141 
BRhit__unclassified_Halobacteriales__UniRef90_A0A2R6LDY7                   3.5537204 3.4697836 3.2017290 3.3038364 1.4841647 0.9218640 3.5743783 3.3334005 3.5778335 3.6364040 1.2857496 3.3990353 3.7286591 3.6834789 0.9600813 0.9951848 0.9648970 1.0079553 0.9965707 0.8894839 1.0391073 0.9940580 0.9540034 0.8867220 0.0000000 0.7888599 0.8839439 0.8579020 0.9472625 0.8880061 2.3280815 2.4044108 2.7666928 2.7557658 2.5375531 3.2294423 2.8938820 2.5808933 2.5371299 1.3749075 1.5231654 3.2017290 1.4187298 1.3116361 1.4899389 6.5859438 6.8451554 6.9358723 6.0888058 6.8403520 6.6935874 6.7796892 6.3283830 6.0497925 6.5983750 6.7344598 5.8694563 5.5194614 5.9955393 5.3866422 5.8325172 6.3660595 6.1477153 6.8971589 7.7095140 6.6285722 5.6173235 6.8122525 8.0123699 6.9862554 6.5435074 6.2047636 6.9695692 6.3188400 7.1115024 7.2671509 7.0791622 7.8549359 7.6384606 8.1362115 7.8439326 7.2567287 7.5714409 7.7670720 7.2206614 6.7149705 7.0151768 7.6067904 7.7876755 6.4251940 
BRhit__uncultured_archaeon_A07HR67__UniRef90_V4ZQH6                        3.1713501 3.2554904 2.6991131 3.0884373 1.2227695 0.2477433 3.1900117 2.7292799 3.1826097 3.1890228 1.1111077 2.8592451 3.5206066 3.1361252 0.2538855 0.9996399 1.0071106 1.1198400 1.0822455 1.0273548 1.0775197 1.1875662 1.2334550 0.8759137 0.7888599 0.0000000 0.8984963 0.1444517 0.2088360 0.8606889 2.6554829 2.7716422 2.8579156 3.1166620 3.0519323 3.8248379 3.2484504 3.0757019 3.0076633 1.2408685 1.3677967 2.6991131 1.2978266 1.1227205 1.3809026 5.4570399 5.7367274 5.7969036 5.4272256 6.1311110 5.7065852 5.8509130 4.6582498 5.3759046 5.2995967 5.2040324 5.1612144 5.2841589 4.9243931 4.6895340 5.2197476 5.6797940 5.3272195 5.8073501 7.0305614 5.9330307 5.2886517 5.7792274 7.1060936 5.9980203 5.9949492 5.5836575 6.1305712 6.2334373 6.2351303 7.0139668 6.7346937 7.5294788 7.5539284 7.6865304 7.9998286 7.2896795 8.1731255 6.5370440 7.1640845 7.7420772 7.1096796 7.2677226 7.0761769 6.6037698 
BRhit__Halobaculum_sp_MBLA0143__UniRef90_UPI00352426DC                     3.2803464 2.9448683 3.0571161 3.2052815 1.0841632 0.9362097 3.1716658 2.6787047 3.2203366 3.1293236 1.0033720 3.1008205 3.6242642 3.2419835 0.9579478 0.9326016 0.9000000 1.0062279 0.9386307 0.8606620 0.9437643 1.1010209 1.0568918 0.6643892 0.8839439 0.8984963 0.0000000 0.9239377 0.8923074 0.2121166 2.3939271 2.5051996 2.7667869 2.6337565 2.5939403 2.8935310 2.6046082 2.4981066 2.7169520 1.1528998 1.2763622 3.0571161 1.2902717 1.0449149 1.2837747 5.2265580 5.5770929 5.4689825 5.3842743 5.4652109 5.2943686 5.2822828 5.4244608 5.6051935 5.6179913 5.5797189 4.8385964 5.2083680 5.4848054 5.0865941 5.5571965 5.6071860 5.3477854 6.3364531 6.5243014 6.4056623 5.6818084 5.7161679 6.4429015 5.8193617 5.4827325 5.4482080 6.2466432 6.3180224 6.0778010 7.6048269 6.3116966 8.3106775 7.9577621 7.9769958 8.4062856 7.6600234 8.6758553 6.6976454 7.1343140 7.7571904 7.7004691 7.7575874 7.2693479 7.7170989 
BRhit__Halorubrum__UniRef90_A0A4U7F7H9                                     3.0600614 3.0946302 2.6507691 2.9992274 1.2929464 0.2268182 3.2944475 2.5634401 3.3047212 3.3373542 1.1567656 2.8664129 3.4215876 3.1145287 0.2531420 1.0437693 1.0199041 1.1340898 1.1950618 1.0822725 1.1632634 1.2258089 1.3597134 0.9880771 0.8579020 0.1444517 0.9239377 0.0000000 0.1492954 0.9009901 2.6279192 2.7082584 2.7101003 3.1307508 2.8563186 3.7591579 3.1678749 3.2122001 2.8489275 1.2980064 1.3835835 2.6507691 1.3959664 1.2360020 1.4174241 6.0758166 6.7860108 6.7412174 6.1935468 6.8728543 6.4898389 6.6079262 5.1109581 6.0915622 6.0325826 6.0795219 5.4936168 5.8247787 5.3428456 5.2843909 5.8953015 6.2614794 5.8279580 5.9950410 7.2444185 6.7655884 5.5490293 6.3750900 7.5517168 6.6789209 6.5246492 6.1041324 6.5275679 6.8164120 7.2182468 7.4143628 7.2840312 7.4930738 7.5681090 7.7909065 8.3408894 7.3679772 8.3172115 6.5913543 7.6341022 7.6519566 7.6457811 7.4482732 7.2015922 7.4668149 
BRhit__Halobacteria__UniRef90_P69051                                       3.0458618 3.0991144 2.6611233 3.0668228 1.2251474 0.1754230 3.2979066 2.5424458 3.3465117 3.3503109 1.1126587 2.7512748 3.4427780 3.1733326 0.3304202 1.0635751 1.0276980 1.1607813 1.2212452 1.1014467 1.1569162 1.1950298 1.3247884 0.9602111 0.9472625 0.2088360 0.8923074 0.1492954 0.0000000 0.8420279 2.6161607 2.7311383 2.7769896 3.0955862 2.9534403 3.6835648 3.3037652 3.1385331 2.7737999 1.2761356 1.3182619 2.6611233 1.3483190 1.1893128 1.3378420 6.2602823 6.2275443 6.1725206 6.1876812 6.3045051 5.9857519 6.2672741 5.1952143 5.9485883 5.7821519 5.5948659 5.4278120 6.2486109 5.4274917 4.9668341 5.9782348 6.3133858 6.0957739 5.9328456 7.3228123 6.9420290 5.9480778 6.3055007 7.2706163 6.4846983 6.1760893 6.2273208 6.5628617 7.1107966 6.8102120 7.3650427 7.4158949 7.3888886 7.5209375 7.5458273 7.9784989 7.0577776 8.1376386 6.4722370 7.6672860 7.5988335 7.6722800 7.1836009 6.8330059 7.2662896 
BRhit__Halobaculum_sp_MBLA0147__UniRef90_UPI0035267C65                     3.3942148 3.4630338 3.2713162 3.2102476 1.0380273 0.8625861 3.2958539 2.9419542 3.3941978 3.3372794 1.0262040 3.3296958 3.7346875 3.3502611 0.9058969 0.9869425 0.9423507 1.0805474 0.9711966 0.9945221 0.8926690 0.8628501 1.1054701 0.6027405 0.8880061 0.8606889 0.2121166 0.9009901 0.8420279 0.0000000 2.4990229 2.6209482 2.8923335 2.6837859 2.6493652 3.1933178 2.7024837 2.6150056 2.9039784 1.1243051 1.2154335 3.2713162 1.2244129 0.9891918 1.1748931 5.4080026 5.4738833 5.5182678 5.4955189 5.4076381 5.1473991 5.3634605 5.1932707 4.8754957 5.1631433 5.1507505 4.8006396 5.1689206 5.1596361 4.7584770 5.1133251 5.8214416 5.6713207 5.9066019 6.0659198 5.9973201 5.3725499 5.4208769 6.2241341 5.4391774 5.0900743 5.3822458 6.1139437 5.8260726 5.4871858 7.5339823 6.9804843 8.4714926 7.8499043 8.3096956 8.8059482 7.8118467 8.9999989 7.0345968 7.6298351 8.0230031 7.4117924 7.4052836 7.8106791 7.5170396 
GCyR2hit__Nostocales__UniRef90_A0A252D874                                  3.0747349 2.3381658 1.9159375 2.1422630 2.4995312 2.5023348 2.4309060 2.2167728 2.4189006 2.2646730 2.2244165 2.1665609 2.7041474 2.1572634 2.6895327 2.8462078 2.7361496 2.8881323 2.7452805 2.7210468 2.7807187 3.0584117 2.9540836 2.6975511 2.3280815 2.6554829 2.3939271 2.6279192 2.6161607 2.4990229 0.0000000 0.1368203 0.3477139 0.5327837 0.7366337 0.7632662 0.7486345 0.8763079 1.0782939 1.8920216 1.9098178 1.9159375 1.9017191 1.8289398 1.9266334 6.0219973 5.6699462 5.7287991 5.6846091 6.2429242 5.4896645 6.2752688 5.6325414 5.6214674 5.1726722 5.3098143 5.3499266 6.2531096 5.7852155 5.0652204 6.3942512 7.5322291 7.1198405 6.6229978 6.9260493 6.8052646 6.3585274 5.7655806 7.4777624 5.6937191 5.9043522 6.3765138 7.0245673 6.7120199 6.0838536 7.4200844 7.6881260 6.9375335 7.6759463 6.9273288 7.0852133 7.2966471 7.2722527 6.0331379 6.3108216 7.1132291 6.4872552 6.1202266 6.4153146 7.1432422 
GCyR2hit__Tolypothrix_bouteillei_VB521301__UniRef90_A0A8S9SVI8             3.0928258 2.4651662 1.9664816 2.1730087 2.4104993 2.6488467 2.3767715 2.3488242 2.3931135 2.3571757 2.2192622 2.1912587 2.9004821 2.2214266 2.7904729 2.9079342 2.8803939 3.0640922 2.8818680 2.8629048 2.9289281 3.1880788 2.9866816 2.7886929 2.4044108 2.7716422 2.5051996 2.7082584 2.7311383 2.6209482 0.1368203 0.0000000 0.3463568 0.4930065 0.7456549 0.7808505 0.7550132 0.8961340 1.0393450 1.8767002 1.9657887 1.9664816 1.9977131 1.8657039 2.0007544 6.9946998 6.2971203 6.4434389 6.3703406 7.0859368 6.1678568 7.0585836 6.6930315 6.1044066 5.9884976 6.1764022 6.1191562 7.5978932 6.6965669 5.8472680 7.3620103 8.7227933 8.2268166 7.3023128 7.2511745 6.7821147 7.5348493 6.4005727 7.9635460 6.1906167 6.5801186 6.7442487 7.7592397 6.7457692 6.8021980 7.8641498 8.6602407 7.5297174 8.0027898 8.0925104 7.7445526 8.0079621 7.9239733 6.3160289 7.0207031 7.6123544 7.0584545 6.5469388 6.8269157 7.7805971 
GCyR2hit__Nostoc_sp__UniRef90_UPI002FFB8FFD                                2.8777681 2.5605990 2.0922391 2.3135300 2.6946878 2.7083129 2.6011473 2.3504160 2.6125182 2.3505721 2.5395707 2.4198211 3.1002366 2.1970307 2.9044655 3.0693175 2.9539515 3.1641333 2.9665128 3.0641668 2.8854531 3.3623390 3.2680025 3.0793023 2.7666928 2.8579156 2.7667869 2.7101003 2.7769896 2.8923335 0.3477139 0.3463568 0.0000000 0.5366031 0.7848596 0.7353029 0.6730323 0.8657233 1.0798868 2.0427442 2.1107916 2.0922391 2.0714839 2.0403522 2.1357978 7.4226367 7.0315750 7.0670370 7.4954183 7.5630605 6.7944812 7.3083920 6.4669617 6.3959798 6.0577157 6.0813418 5.9406464 6.6585559 6.6234708 5.5790449 7.3632027 8.4154536 8.1417933 7.6473669 7.0892697 7.8113313 8.2085842 6.7742343 7.5021873 6.9067021 6.9482267 7.2186841 8.4694597 7.7964205 7.2149151 7.8789177 7.7144513 7.3341654 8.2357081 7.4754115 7.6840015 7.3982242 8.0277292 6.3344819 6.5146374 7.5702706 6.9758051 6.4577636 6.3690391 7.2883098 
GCyR2hit__Tolypothrix_sp_NIES_4075__UniRef90_A0A218QMM7                    3.0311039 2.6441542 2.2556033 2.4813605 2.6501767 2.9764995 2.6090523 2.4731816 2.4952169 2.3117966 2.7725952 2.4507210 3.0686311 2.4005542 3.2180558 3.0613931 2.8916339 2.9718993 2.7883562 2.9671751 2.8658249 3.4282105 3.3390519 2.9180329 2.7557658 3.1166620 2.6337565 3.1307508 3.0955862 2.6837859 0.5327837 0.4930065 0.5366031 0.0000000 0.9335049 0.6198315 0.8750623 0.7427835 0.9201524 2.3508978 2.4889963 2.2556033 2.3279555 2.2197470 2.2148929 6.2965481 6.7848956 7.1067171 6.4089795 7.2748337 6.8125501 7.5201276 6.2140881 6.1062208 5.9394445 5.9514548 6.6891835 7.1926108 6.8457479 6.0592710 8.3054766 8.8052903 8.5889318 8.0939230 7.4294408 8.1046114 8.3889989 6.8152250 8.0937423 7.3272596 7.0915368 7.2370389 8.9999982 8.4122617 7.0173060 8.9999989 8.9999984 8.9999989 8.9999981 8.9999988 8.5105539 8.8060514 8.9999983 7.7988133 8.6347450 7.9910023 7.8818021 8.2574682 7.8688656 7.7543915 
GCyR2hit__Pleurocapsa_sp_FMAR1__UniRef90_UPI0029C671DC                     2.8436242 2.4514097 2.4011462 2.4061389 2.3845621 2.9042570 2.3730559 2.2776429 2.4272174 2.1537986 2.1820612 2.2822294 3.2192851 2.3083916 3.0111829 2.8953237 2.7399773 2.8580973 2.6929031 2.7662003 2.8773192 3.1830916 3.1209031 2.8258192 2.5375531 3.0519323 2.5939403 2.8563186 2.9534403 2.6493652 0.7366337 0.7456549 0.7848596 0.9335049 0.0000000 1.2182301 0.8915957 1.2441211 1.0915604 1.9025045 1.9247172 2.4011462 2.0397692 1.9446148 1.9263350 6.7238950 6.1162926 6.2300172 5.7851132 6.4121506 5.9355569 6.1423061 6.4193401 6.4869990 5.3783004 5.6558175 5.7987050 6.5252954 6.2769099 5.3908922 6.9419131 7.3861398 7.1535844 7.1340627 6.8166854 6.6047640 7.1274008 5.9515698 7.6909102 6.0384722 6.8286920 6.3229065 6.6891989 5.8368565 6.9790547 7.0485712 7.2159348 7.1975649 7.3800284 6.9486261 7.6601033 7.6603384 7.4372064 6.1100232 6.6095551 7.2915988 5.9397609 6.2368906 6.3030715 6.3901969 
GCyR2hit__Nostocaceae_cyanobacterium__UniRef90_A0A838VMV4                  3.0611326 2.7654184 2.5273077 2.6344530 2.8350182 3.4958686 3.0309245 2.7824050 3.1746429 2.7586028 2.6938649 2.7107695 3.3695605 2.5742417 3.9835107 3.7703642 3.5199007 3.7597042 3.6885923 3.7801893 3.6020199 4.3926734 3.6731164 3.5358348 3.2294423 3.8248379 2.8935310 3.7591579 3.6835648 3.1933178 0.7632662 0.7808505 0.7353029 0.6198315 1.2182301 0.0000000 1.0820249 1.1845766 1.1200193 2.5201624 2.7196876 2.5273077 2.5452441 2.5522426 2.5439470 7.5189777 7.9499678 7.9906534 7.4511939 8.0291565 7.4764873 8.1508624 6.8194092 7.3552471 6.2508225 6.2577693 6.1564084 7.0177242 7.0524247 6.3728480 7.6186512 8.3993200 8.5272137 8.9999983 7.6964833 8.6233611 8.8851692 6.7155374 7.9073177 8.5566329 7.9749790 7.6114994 8.9999989 8.2431242 8.0313631 8.9999990 8.9999990 8.9999988 8.9999989 8.9999982 8.4767096 8.5096093 8.9999985 8.3508549 8.4450352 7.9383515 8.8222791 8.5075335 8.2112095 8.0692124 
GCyR2hit__Phormidesmis_priestleyi__UniRef90_UPI0009442622                  3.0191525 2.6934445 2.3266668 2.3889718 2.3869021 3.0592504 2.4599506 2.3259164 2.5137185 2.5066500 2.1964338 2.4604399 3.0275257 2.2985808 2.9446698 2.7284435 2.6578315 2.7639395 2.4603662 2.6423315 2.6789651 3.1466607 2.9055913 2.9787700 2.8938820 3.2484504 2.6046082 3.1678749 3.3037652 2.7024837 0.7486345 0.7550132 0.6730323 0.8750623 0.8915957 1.0820249 0.0000000 1.1491776 1.2383420 1.9748042 2.1020223 2.3266668 2.1794934 2.0500117 1.9260691 6.7909214 6.9083492 6.8026205 6.4649342 7.3568161 6.5628965 7.0279194 5.9806636 6.1335779 5.1934591 5.1301543 6.0118915 6.2106730 6.2182531 5.4377503 6.5120948 8.0725172 7.6009278 7.1523509 7.2659610 7.0467044 6.9352688 5.8000711 7.8534537 5.7298716 6.2770345 6.2024470 6.7406254 7.3197137 6.3610418 8.2389900 7.6021798 8.0614981 7.8030133 7.5800993 7.4387562 7.8934275 7.9253351 6.7116148 6.9403980 7.9844050 7.4048483 6.9250873 6.9376124 8.0436483 
GCyR2hit__Pseudanabaenaceae_cyanobacterium_LEGE_13415__UniRef90_A0A928V9X3 3.0560858 2.7655149 2.5204298 2.5713380 2.7141937 3.0055350 2.7360438 2.5808925 2.6077001 2.6536014 2.6691468 2.5438723 3.4207469 2.5418671 3.2112088 3.1333466 3.0021679 3.3212964 3.2695192 3.1249132 2.8505717 3.6098112 3.4789108 2.9331980 2.5808933 3.0757019 2.4981066 3.2122001 3.1385331 2.6150056 0.8763079 0.8961340 0.8657233 0.7427835 1.2441211 1.1845766 1.1491776 0.0000000 1.2961030 2.2945528 2.4414195 2.5204298 2.2551266 2.1901769 2.1931968 5.2819196 5.9211294 6.1110574 5.5446971 5.9560499 5.7534366 6.8721921 5.6693737 5.7826807 5.3938656 5.5308954 5.4566048 6.1166195 5.3490560 5.2318649 6.1726771 7.2056856 7.3043047 7.4011901 6.3789145 6.6914605 6.8760462 5.3652039 6.7921927 6.6763702 5.5202109 5.7953789 6.9222191 6.9822507 5.8478764 7.5283060 7.8961625 7.6167074 7.7881286 7.9322537 7.3089601 7.5563570 7.2557347 7.8178590 6.6290377 6.5226943 7.0604725 7.4989126 7.5053569 6.9103346 
GCyR2hit__Cyanobacteria_bacterium_QH_9_48_43__UniRef90_A0A2T2RN81          2.4810384 2.5049579 2.1427940 2.4192149 2.4331743 2.8240585 2.4842405 2.3918417 2.4271673 2.3635373 2.3745722 2.4677315 3.0026313 2.4356637 3.0766848 2.7974628 2.6592343 2.7631192 2.7169028 2.7407421 2.9911083 3.3011834 3.0351038 2.8436202 2.5371299 3.0076633 2.7169520 2.8489275 2.7737999 2.9039784 1.0782939 1.0393450 1.0798868 0.9201524 1.0915604 1.1200193 1.2383420 1.2961030 0.0000000 1.9764403 1.9992406 2.1427940 1.9784030 2.0466462 2.0424342 6.6194239 6.5966040 6.4794865 6.5758970 6.6724390 6.1900941 6.3690880 5.7587381 6.5291400 5.7635696 5.9853077 6.3264921 6.9113755 6.0854844 6.0168031 7.2567926 8.2246291 8.6284249 8.1971293 7.9762100 8.4633451 8.1219657 7.2723150 8.5695119 8.1724405 6.6835925 7.5697283 8.3036882 8.4986387 6.7128885 8.8182974 8.9999983 8.3849682 8.9999980 8.9999981 8.7960039 8.8652037 8.9999990 7.1291166 8.1117617 8.9999983 8.7405637 8.0525671 7.9792158 8.4298710 
GCyR2hit__Halegenticoccus_tardaugens__UniRef90_UPI00100C2973               3.1255799 3.0145039 2.4668938 2.5748579 0.6352079 1.2412049 2.6018008 2.7306631 2.6903445 2.5905611 0.7370284 2.7662270 2.8462151 2.5656552 1.4034163 1.2682244 1.2966853 1.2611141 1.2748055 1.2555789 1.1183869 1.4880773 1.4374377 1.0488539 1.3749075 1.2408685 1.1528998 1.2980064 1.2761356 1.1243051 1.8920216 1.8767002 2.0427442 2.3508978 1.9025045 2.5201624 1.9748042 2.2945528 1.9764403 0.0000000 0.2364453 2.4668938 0.2612828 0.2546415 0.2468548 5.2528589 5.5618850 5.6242649 5.6995505 5.4350814 5.2545268 5.7996627 4.9330914 5.5622548 5.2992677 5.4766791 4.8836838 5.3584275 5.0708683 4.5230294 5.3607090 6.5119670 6.2007417 5.8273098 5.8959286 6.5608705 5.9560955 5.6618327 6.0442975 5.7572434 5.3832783 6.2174250 5.8537150 6.5914789 5.6442390 7.5600334 7.4909787 7.3931894 7.5822932 7.5134212 7.5828933 7.8123664 7.5305112 6.7857334 7.3460250 7.4305877 7.1572274 7.4135093 7.5814158 7.3711511 
