86
YCyR2hit__Nodosilinea_nodulosa__UniRef90_A0AAJ6N6B2                        0.0000000 2.4126047 2.5754835 2.6866597 2.8651012 2.9230037 2.7979540 2.6184279 2.6893787 2.6748825 2.8150162 2.8054467 2.9761684 2.8526131 2.9537479 3.9774431 4.0852235 3.8787370 3.9520235 3.9681304 3.5183253 4.1161069 3.9028907 3.6898765 3.6070594 3.0900693 3.2454567 2.9635761 3.0000854 3.0621576 3.0796311 2.8723911 3.0684346 2.7783938 3.1958065 3.0603362 3.0888781 2.5816365 3.1323466 3.2101951 2.5754835 3.0228686 3.0775724 7.4737279 8.2591599 7.2600475 7.9097360 7.2740258 7.1378812 8.1026434 7.1490222 8.3498444 7.1322360 7.1989165 6.2838439 8.9999990 7.3944053 7.2617231 8.1083022 8.9999982 8.9999987 8.9999980 8.9999986 8.9999981 8.0380721 8.9999986 8.9999990 8.6811578 8.2376130 8.9999981 8.9999985 8.1529455 8.3764767 8.8462046 8.8165806 8.6840916 8.9999983 8.5359298 8.9999987 6.7875407 8.4501133 8.9999986 7.5440071 8.7397735 7.8953404 8.3611485 
YCyR2hit__Pseudanabaena_sp_FACHB_2040__UniRef90_A0A926ZYX4                 2.4126047 0.0000000 0.8580470 0.6934341 3.4125261 3.2081680 1.3220547 0.7649441 1.1933565 0.9054815 3.5681840 0.7148145 1.2605255 0.7788531 3.2960065 3.5622272 3.4321151 3.5014128 3.5194258 3.6384656 3.5956342 4.2037043 3.6582116 3.9430083 3.6411934 3.4117204 3.0985415 3.2456837 3.2482382 2.4506474 2.5829800 2.6797258 2.7717981 2.5663531 2.8954993 2.8190438 2.8996632 2.6309307 3.1569158 3.2928757 0.8580470 3.0037948 2.8149618 5.7492185 6.1948831 5.7863832 5.9891312 5.7896439 6.2985565 6.0615484 6.5010196 7.2107856 6.8626935 7.0442238 5.8871576 7.1304470 6.2194337 6.5699027 6.5402856 6.5486666 6.9459007 6.5930542 7.3642315 7.5601308 7.1283949 6.1684981 7.6085936 7.5874331 5.8974879 5.6843429 7.4399120 6.4428025 6.3976381 6.7454010 7.1135397 6.7137278 6.6863565 6.8057810 6.5886070 6.8329818 6.6003251 6.5235479 6.6351379 8.0899160 7.3547088 7.1290256 
YCyR2hit__Leptolyngbya_sp_FACHB_261__UniRef90_A0A926UF78                   2.5754835 0.8580470 0.0000000 0.5078430 3.0473429 2.9222381 0.9284787 0.6007470 0.9965272 0.7043820 2.8349905 0.6285163 1.1603801 0.5667557 2.9743997 3.0015898 2.8719202 3.1112523 3.0707954 3.1071999 3.1496679 3.5425186 3.2462487 3.2967052 3.3588458 2.8346842 3.2299726 2.7807911 2.7903503 2.0034408 2.0549520 2.1838457 2.3699625 2.5206524 2.6503274 2.4259662 2.6533174 2.2505246 2.5771040 2.8494638 0.0000010 2.6023906 2.5529532 6.4921312 6.5549402 5.9699154 6.4150381 6.1732907 6.4403321 5.9933308 6.1805348 6.5183479 5.6828786 5.5579993 5.7477385 6.6276475 6.0916241 5.8837964 6.8525587 6.8171662 6.8676440 6.5080609 8.0766905 7.1476621 7.6254351 6.9051457 8.3717213 7.6180644 6.8324869 6.7725407 7.9945251 6.9483320 6.9445276 6.6257847 6.6843862 6.7145854 6.3851461 6.4423930 6.8198370 6.4470169 6.6744719 6.8926366 6.8388228 6.8712353 6.8570879 6.7989044 
YCyR2hit__Hassalia_byssoidea_VB512170__UniRef90_A0A846HFU5                 2.6866597 0.6934341 0.5078430 0.0000000 3.1706396 3.0753523 0.8734663 0.5129551 0.8701105 0.6136823 3.2606635 0.5689446 1.1009449 0.3471693 3.0866141 3.2460457 3.1661943 3.3800005 3.4001969 3.3322777 3.6126349 3.7906931 3.3265860 3.4353368 3.4606909 3.2357881 3.3812064 3.1434094 3.2136883 2.2431176 2.2736007 2.4203706 2.5986269 2.5232797 2.7556049 2.4993076 2.6966791 2.5405746 2.6943306 2.9522132 0.5078430 2.7443738 2.6322842 6.0336699 6.3671415 6.0428487 6.6079549 6.3671776 6.4400067 6.4168750 6.3731088 6.4978196 5.6240448 6.1653708 5.6273472 6.8791505 5.8207549 5.6630567 6.4338915 6.1487275 6.7010833 6.1811296 7.3010068 7.9315668 7.3560407 6.7113124 7.7630072 7.2103742 6.4125811 6.4052667 7.8334653 7.2421617 7.3981751 7.1613588 7.5546525 7.1627823 6.8954925 6.9273522 6.7698429 6.6275286 7.1779490 6.7868568 7.0660040 7.5856669 7.2246980 7.1770037 
YCyR2hit__Halorientalis__UniRef90_A0A1G7PUC9                               2.8651012 3.4125261 3.0473429 3.1706396 0.0000000 1.3148597 2.7168062 2.9405528 2.7637497 3.0620732 0.2393205 2.9820550 3.1458464 3.2412003 1.3410717 1.3315565 1.3143170 1.3271871 1.3258633 1.3193325 1.1265484 1.6203689 1.5894325 0.9751204 1.4767085 1.2370385 1.1026419 1.3074918 1.2140203 2.5949549 2.4991469 2.8005041 2.6867919 2.3653625 2.8872805 2.4298245 2.8381094 2.5305357 0.6517657 0.7149987 3.0473429 0.7679765 0.7064533 5.5347688 6.2174772 5.9053484 5.8575651 6.2408882 6.1988498 6.1122548 5.4671802 6.0455340 5.8143480 5.8236475 4.8802631 5.9945828 5.6614397 5.5455690 5.9519948 6.8790635 6.3118772 6.5057679 6.7111292 6.1805352 6.9949390 7.1694207 7.0720359 5.7923627 5.8584349 6.6595907 6.7784090 8.9999984 8.9999983 8.4134104 8.9112305 8.8423856 8.9999990 8.7571729 8.8845948 7.7760693 8.9666778 8.3441024 7.9235744 8.9999989 8.5877369 7.6945517 
YCyR2hit__UnknownTaxon__UniRef90_P29563                                    2.9230037 3.2081680 2.9222381 3.0753523 1.3148597 0.0000000 3.2963929 2.8274754 3.5298444 3.4828834 1.1276361 3.0241121 3.7042714 3.2708359 0.2606547 1.1878852 1.1780949 1.2915448 1.1835218 1.1168196 1.1761813 1.2278716 1.3931791 0.9421386 0.9447072 0.2525072 0.9079322 0.2310176 0.1850278 2.6111128 2.7677055 2.8299293 2.9943213 2.9575911 3.5114556 3.0805512 3.1493225 2.9531187 1.2614073 1.4015548 2.9222381 1.3253719 1.1947623 5.5334317 6.0814587 5.8251558 5.6666840 6.2014447 5.8872856 6.0286783 5.2026462 5.4636336 5.6180902 5.5972974 5.0099843 5.2972295 5.2877438 4.9315030 5.6151674 5.9637311 5.7169915 5.7928383 7.1532686 6.1014117 5.6283810 6.1272041 7.3124608 6.5088157 6.0719384 5.7375612 6.2578503 7.2847576 7.4427269 6.6702546 7.2747057 7.1569278 8.0145046 7.0766710 7.4126733 6.1882123 7.6793623 6.8923705 6.4863247 6.8454080 6.7610315 6.6924173 
YCyR2hit__Leptolyngbya_ohadii__UniRef90_UPI000B5A185C                      2.7979540 1.3220547 0.9284787 0.8734663 2.7168062 3.2963929 0.0000000 0.8797452 0.1274940 1.0070067 2.6854857 0.9900127 1.0434307 1.0227888 3.2552793 3.4430056 3.4250550 3.4914880 3.4071882 3.5551433 3.5263719 4.1903646 3.1868412 3.5311806 3.7407306 3.3449908 3.3570475 3.4555976 3.4548159 2.5397061 2.4816156 2.7223033 2.7297510 2.4826178 3.1737108 2.5749790 2.8636502 2.6143271 2.7250570 3.0043709 0.9284787 2.8827101 2.5403397 6.0340891 6.7615730 6.4235873 6.4767569 6.6400299 6.9246799 6.0577691 6.1865031 6.1206034 5.2178752 5.4213299 5.3202866 5.9701951 5.6812205 5.3685839 7.0482169 6.6181213 6.9063654 6.4782498 6.9271308 6.6556246 6.5646216 6.5519273 7.5857862 6.9595019 6.3992548 7.0795200 7.4857527 6.8836478 6.9940710 7.1050670 7.2243377 6.6587979 6.2083234 6.5051704 6.5554363 6.7693890 7.1613795 6.4902454 6.8629865 7.7212011 7.3067446 6.6747211 
YCyR2hit__Aliterella_atlantica_CENA595__UniRef90_A0A0D8ZW42                2.6184279 0.7649441 0.6007470 0.5129551 2.9405528 2.8274754 0.8797452 0.0000000 0.8903386 0.6216792 2.7337469 0.5847906 1.2085649 0.5358175 2.6680937 2.9627251 2.9163795 3.1812307 3.1033140 3.1040389 3.2246245 3.3668915 2.7025056 3.1106427 3.4943114 2.8630925 2.8277134 2.6881682 2.6668762 2.3225945 2.4619026 2.4619521 2.5887613 2.3864691 2.9111780 2.4357702 2.7101213 2.5088189 2.8561442 3.1335693 0.6007470 2.8644320 2.6703273 5.4902981 5.4328591 5.2242595 5.4416905 5.4481238 5.5647081 5.0985328 5.6106479 5.5824406 4.6284399 5.3078453 4.6757114 6.1667093 4.9227715 5.0556846 5.8334575 6.1986723 6.1948770 5.6132984 5.9634896 6.2528193 5.2933875 4.9706522 6.4380767 6.0689724 5.1104471 4.7594181 5.8533106 6.2475609 6.0868622 6.3716757 6.4981428 6.1509977 6.5589059 6.2679628 6.2466259 5.5998534 6.0266777 5.9991019 5.7859498 6.4079468 5.9159358 6.2210031 
YCyR2hit__Cyanobacteriota__UniRef90_A0A926PVG5                             2.6893787 1.1933565 0.9965272 0.8701105 2.7637497 3.5298444 0.1274940 0.8903386 0.0000000 1.0011905 2.8563623 0.9422613 0.9431378 1.0244183 3.3301658 3.4193010 3.4401343 3.3329403 3.4070528 3.4588621 3.6927125 4.2800781 3.3029953 3.5656570 3.7441003 3.3336380 3.4031000 3.4619157 3.5026506 2.5307397 2.5012482 2.7354296 2.6105061 2.5401510 3.3250539 2.6375586 2.7345534 2.5530879 2.8182926 3.0816933 0.9965272 2.9769936 2.6289844 6.1450298 6.4673318 6.2395539 6.5566802 6.2807103 6.6253786 5.8919270 5.6461716 6.2482448 5.4437266 5.6041065 5.1467155 5.9271311 5.5485992 5.4667934 6.6419303 6.2065521 6.4180290 6.2962164 7.5144396 6.7812376 6.7968586 6.8953832 7.7637088 6.8763154 6.1856430 6.6049205 7.5486075 6.9006433 7.2555630 7.5013734 7.4300082 6.9231843 6.5303548 6.8085619 6.8380732 6.4499129 6.9942449 6.7373719 7.2105758 7.9151313 7.3225588 6.8186470 
YCyR2hit__Microcoleus_sp_FACHB_1515__UniRef90_A0A926U182                   2.6748825 0.9054815 0.7043820 0.6136823 3.0620732 3.4828834 1.0070067 0.6216792 1.0011905 0.0000000 3.1250307 0.6169472 1.2311949 0.5939159 3.4680906 3.3986153 3.3607387 3.4058414 3.4810065 3.6095494 3.7664929 3.9597866 3.5434604 3.2566289 3.8067296 3.3421404 3.2934593 3.4969388 3.5094001 2.3583546 2.4567964 2.4455393 2.4078021 2.2424964 2.8750888 2.6178374 2.7718070 2.4719498 2.7061095 2.9526681 0.7043820 2.8323506 2.5671245 5.3827492 5.3823115 4.9145674 5.5027030 4.9692484 5.3333134 5.6003225 5.5683498 5.5693345 4.7755456 5.2247685 5.0431672 5.8385667 5.5180597 4.8364443 5.7385638 5.4702407 5.7892257 5.4407112 6.6245340 6.9579911 6.9977456 6.0153206 7.0634194 6.7383961 6.3585900 6.1753775 6.9295427 7.2071434 7.0733328 7.0998417 7.4374228 6.9826064 6.6514206 6.7671874 6.7907107 6.9718984 7.1632250 7.3436421 7.0439737 7.5395969 7.3445108 7.2094388 
YCyR2hit__Halorientalis_marina__UniRef90_UPI001FF6C9D7                     2.8150162 3.5681840 2.8349905 3.2606635 0.2393205 1.1276361 2.6854857 2.7337469 2.8563623 3.1250307 0.0000000 3.0647183 3.0085908 3.2969468 1.2315819 1.2351637 1.2378938 1.2269331 1.1730766 1.2397361 1.0383306 1.3990389 1.3941126 0.9621182 1.2841891 1.1363074 1.0171807 1.1838770 1.1140266 2.3149432 2.3084159 2.6418009 2.8308473 2.1956616 2.7593943 2.2511290 2.8025040 2.5138252 0.7724850 0.7782819 2.8349905 0.8091148 0.7519889 5.3494468 5.6171489 5.2326871 5.1005994 5.5493453 5.6507379 5.7946255 5.3277942 5.6839988 5.1613778 5.2051643 4.5954828 5.6938196 5.4511334 5.2808790 5.1438149 6.3288877 6.0269174 5.9726226 6.2430847 5.8555040 6.1467289 6.2086417 6.6512234 5.4869375 5.5969972 5.7025374 6.2918324 8.7195336 8.9999990 8.3804171 8.6497341 8.1990064 8.9999981 8.1904880 8.5834579 7.5348934 8.9999982 8.2775490 7.8314346 8.7524595 8.1621068 7.1679300 
YCyR2hit__unclassified_Leptolyngbya__UniRef90_UPI0016884D19                2.8054467 0.7148145 0.6285163 0.5689446 2.9820550 3.0241121 0.9900127 0.5847906 0.9422613 0.6169472 3.0647183 0.0000000 1.2011401 0.5988431 2.9641657 3.1161031 2.9205753 3.2697808 3.3303694 3.2017264 3.4278865 3.9692777 3.1791483 3.3855103 3.5612276 2.9979863 3.2781136 3.0024654 2.8809068 2.2699648 2.2945733 2.5320974 2.5638406 2.3940783 2.8341897 2.5647632 2.6594677 2.5941215 2.8889663 3.0214820 0.6285163 2.8005068 2.5944280 5.7986314 5.7278175 5.4954197 5.7750455 5.4862273 5.6386067 5.8738473 5.6264263 5.8986008 5.2329628 5.7009252 4.9083539 6.6431029 5.5196282 5.2730589 6.3607485 6.1781519 6.4925208 5.4629707 6.3434338 6.7667217 6.4830544 6.0454349 6.9224569 6.8029032 6.1188873 5.7519969 6.3711909 7.0422134 7.2980430 6.9828202 7.3325928 7.2504968 6.9938563 7.3136209 6.8046693 6.8162692 6.9133852 7.2309459 7.0550096 8.1280305 7.3019232 7.4014622 
YCyR2hit__Leptolyngbya_sp_NIES_2104__UniRef90_A0A0P4V0S4                   2.9761684 1.2605255 1.1603801 1.1009449 3.1458464 3.7042714 1.0434307 1.2085649 0.9431378 1.2311949 3.0085908 1.2011401 0.0000000 1.3039888 3.5399737 3.7324168 3.5764104 3.6487665 3.8828390 3.6686142 3.9011544 4.4643240 3.8953968 4.5009041 3.8879618 3.6736019 3.8089695 3.5708977 3.5869686 2.8225632 3.0270459 3.2397930 3.1983117 3.3528071 3.5112435 3.1507288 3.5692811 3.1388654 2.9696626 3.1034712 1.1603801 3.1457948 2.6414100 6.6751470 6.7170090 6.2449757 6.5734768 6.4717420 6.5092642 6.6587274 6.3331557 6.3833861 6.2826602 6.1010800 6.5872166 6.5466729 7.0406928 6.0871031 7.5154028 7.2420574 7.8589494 8.0465463 7.9934001 8.4079068 8.3554725 6.8110500 8.8012516 8.1452680 7.2914319 6.9426951 8.1539574 8.1744692 7.8090529 7.5729708 7.6833000 7.2342235 7.2878877 6.8978004 7.2978515 7.6176220 8.2027748 7.7517871 7.6451902 8.6945273 7.8774504 7.2912421 
YCyR2hit__unclassified_Nostoc__UniRef90_A0A252DUV9                         2.8526131 0.7788531 0.5667557 0.3471693 3.2412003 3.2708359 1.0227888 0.5358175 1.0244183 0.5939159 3.2969468 0.5988431 1.3039888 0.0000000 3.2228394 3.4122126 3.2655405 3.5735505 3.5395564 3.5686054 3.6671787 3.8393317 3.3256100 3.5932348 3.8564893 3.2891288 3.4141805 3.2651715 3.3289616 2.2570320 2.3242031 2.2997338 2.5107643 2.4255661 2.6948508 2.4004051 2.6657916 2.5621534 2.6871696 3.1120334 0.5667557 2.7067592 2.6079770 6.2761252 6.4342958 6.0459350 6.5138525 6.2081023 6.3884908 6.3735413 6.0807153 6.5002002 5.5435906 5.8420605 5.7149726 6.7996770 5.5703827 5.6140169 6.6210283 6.5235272 6.5427293 6.1217238 6.3068555 6.9233960 7.1772820 6.0734813 6.5931384 6.7331934 6.3839525 5.6097484 6.5216847 7.7750261 7.9768891 7.7152207 8.2765300 7.6063070 7.5320616 7.1886422 7.2578782 6.8394392 7.3550653 7.0468800 6.9477626 7.6006980 7.3253168 7.4267437 
YCyR2hit__Natronomonas_moolapensis__UniRef90_M1Y5I7                        2.9537479 3.2960065 2.9743997 3.0866141 1.3410717 0.2606547 3.2552793 2.6680937 3.3301658 3.4680906 1.2315819 2.9641657 3.5399737 3.2228394 0.0000000 1.2171819 1.2681597 1.3188383 1.2188399 1.1557539 1.2541450 1.2890411 1.4330781 1.0362804 0.9829710 0.2584968 0.9309723 0.2577060 0.3262697 2.8114607 2.9203960 3.0397246 3.2398246 3.0515739 3.9936513 2.9629021 3.3598570 3.2212472 1.4331902 1.5194204 2.9743997 1.4889299 1.3548299 5.9817923 6.4115118 6.3262421 6.1110147 6.4080793 6.1847018 6.4620354 5.4902638 5.8705898 5.5886888 5.9252989 5.1593081 5.4445878 5.5666619 5.3600774 5.8230383 6.4017412 6.0164543 5.8253847 7.2749653 6.3376429 5.4781172 6.3629171 7.7955470 6.3332234 6.0436557 5.7804807 6.4753724 7.8238019 7.8818960 7.0771620 7.5714196 7.3982342 8.3194455 7.1949938 7.6646795 6.2661249 8.2588978 7.8197213 6.7933563 6.9995479 6.7501166 6.9975876 
BRhit__Halobacterium__UniRef90_P02945                                      3.9774431 3.5622272 3.0015898 3.2460457 1.3315565 1.1878852 3.4430056 2.9627251 3.4193010 3.3986153 1.2351637 3.1161031 3.7324168 3.4122126 1.2171819 0.0000000 0.0872896 0.2218389 0.2654136 0.2124659 0.4057792 0.7497077 0.8185947 0.9221795 0.9836154 1.0187029 0.9682482 1.0695571 1.0864129 2.9772182 3.0415367 3.2142858 3.1292136 2.9951046 3.8556027 2.7893980 3.2871975 2.9254572 1.2851415 1.4391377 3.0015898 1.3355077 1.3131303 6.2144152 6.4503361 6.0200198 5.8170923 6.2521054 6.2876495 5.9678291 5.0661313 5.5341191 5.2095676 5.3792675 4.4720387 5.2595766 4.8465061 4.8196538 5.6496669 6.0486051 5.9768898 5.2146492 5.8059826 5.9749854 4.9398293 5.8684531 6.1717523 5.8651166 5.3931612 5.3536448 6.0175108 7.6070738 7.5519132 6.6478948 7.8693437 6.5703848 6.6036446 6.1072383 6.1651435 6.8571462 7.0599234 7.0031798 7.3175406 6.7094095 6.8163082 6.9966304 
BRhit__Halobacterium__UniRef90_UPI001F011AB0                               4.0852235 3.4321151 2.8719202 3.1661943 1.3143170 1.1780949 3.4250550 2.9163795 3.4401343 3.3607387 1.2378938 2.9205753 3.5764104 3.2655405 1.2681597 0.0872896 0.0000000 0.2138095 0.2781601 0.1858209 0.4339112 0.7751736 0.8046732 0.9002623 0.9535342 1.0278204 0.9334190 1.0455306 1.0498507 2.8607207 3.0116084 3.0915011 2.9924267 2.8305377 3.6503799 2.7516001 3.1481186 2.7794132 1.3053154 1.4280744 2.8719202 1.4028821 1.3443347 5.9475464 6.0839282 5.7252302 5.4959989 6.1430039 6.0502281 5.6342496 5.0215707 5.5083015 4.8609735 5.1211036 4.4865978 4.9018817 4.7137195 4.6129204 5.4491966 5.9658437 5.7412442 5.1279284 5.7894620 6.0526662 4.9089611 5.8300473 6.0959774 5.7906755 5.3954188 5.3779803 5.9124004 7.8207011 7.4612059 6.2667099 8.1465049 6.6379760 6.5861469 6.0461057 6.2094805 7.1034191 7.1379211 6.8395033 7.1602181 6.5890714 6.9881733 6.8456582 
BRhit__Haloplanus__UniRef90_A0A6B9F3P5                                     3.8787370 3.5014128 3.1112523 3.3800005 1.3271871 1.2915448 3.4914880 3.1812307 3.3329403 3.4058414 1.2269331 3.2697808 3.6487665 3.5735505 1.3188383 0.2218389 0.2138095 0.0000000 0.1769750 0.1739752 0.2424212 0.7854401 0.8411501 0.9081305 1.0535355 1.1554738 1.0485155 1.1703889 1.2070357 3.0222627 3.2080626 3.3170578 3.1055210 2.9679787 3.9439285 2.8898630 3.4840179 2.8884775 1.2775236 1.3558912 3.1112523 1.3668953 1.3675299 6.1465973 6.0391457 6.1684818 5.4292770 6.0988236 5.9342035 5.8114645 5.1741929 5.3407097 5.2089140 5.3364549 4.8701755 4.9791028 5.3754644 4.8082379 5.6791355 6.0131546 5.8783614 5.5202852 6.6465756 6.5342221 5.0069756 6.3859136 6.8381794 5.9958599 5.5339113 6.0105737 6.1000322 7.7238817 7.5416544 7.1798401 8.0774510 7.0112982 7.1203290 6.8059805 7.2239596 6.9731223 7.3837665 7.3030846 7.4672380 6.7395234 7.1005256 7.1196878 
BRhit__Haloplanus_natans__UniRef90_UPI000A5CE34D                           3.9520235 3.5194258 3.0707954 3.4001969 1.3258633 1.1835218 3.4071882 3.1033140 3.4070528 3.4810065 1.1730766 3.3303694 3.8828390 3.5395564 1.2188399 0.2654136 0.2781601 0.1769750 0.0000000 0.1809902 0.3210870 0.6774717 0.7483738 0.8464438 1.0301034 1.1031583 0.9772172 1.2237937 1.2135943 2.8698381 3.0146580 3.1025885 2.9083934 2.7904226 3.8604133 2.5637521 3.4300771 2.8403667 1.2946800 1.3715581 3.0707954 1.3082306 1.2865838 6.1363876 5.9865291 5.9335061 5.4252555 5.9650034 5.9451104 5.9190469 5.2980010 5.3219901 5.1319530 5.1232994 4.7268080 4.9516054 5.3641759 4.4837676 5.6452961 6.1820743 5.8215880 5.5353438 6.3301862 6.3967991 5.1658908 6.1020044 6.5042088 6.4020306 5.4076800 5.5691437 6.0515273 7.4529907 7.1701111 6.5622422 7.6522428 6.6060493 6.5626673 6.0361683 6.5249534 7.1778855 7.0117290 6.9321662 6.6117373 6.6192662 7.2683848 6.4419125 
BRhit__Halobaculum_rubrum__UniRef90_UPI001CA389E1                          3.9681304 3.6384656 3.1071999 3.3322777 1.3193325 1.1168196 3.5551433 3.1040389 3.4588621 3.6095494 1.2397361 3.2017264 3.6686142 3.5686054 1.1557539 0.2124659 0.1858209 0.1739752 0.1809902 0.0000000 0.2754552 0.6526524 0.7869546 0.8531273 0.9116098 1.0523484 0.8931760 1.1125456 1.1090274 2.8458856 2.9960321 3.2080722 3.0958571 2.8706896 3.9593937 2.7603916 3.2781303 2.8642557 1.2762524 1.3898190 3.1071999 1.3677617 1.3361948 5.8031175 5.5860907 5.7494354 5.2475243 5.6661688 5.6144875 5.4005199 5.0394386 5.6222641 5.1108865 5.2937044 4.5714425 5.0699945 5.0101140 4.7251624 5.3169398 5.5971526 5.5343914 5.3073172 5.9732922 6.4017865 4.9081319 5.9632404 6.2541463 5.8808569 5.3563865 5.7706318 5.6391941 7.3800179 6.9885872 6.5801073 7.2164730 6.2023205 6.4346472 5.9543406 6.1290947 7.3201684 6.5941395 6.5987397 6.7081245 6.8504534 7.4051663 6.2420490 
BRhit__Halohasta_salina__UniRef90_UPI002110EEC8                            3.5183253 3.5956342 3.1496679 3.6126349 1.1265484 1.1761813 3.5263719 3.2246245 3.6927125 3.7664929 1.0383306 3.4278865 3.9011544 3.6671787 1.2541450 0.4057792 0.4339112 0.2424212 0.3210870 0.2754552 0.0000000 0.6607363 0.9404403 0.8402626 1.1151430 1.1149757 0.9800333 1.2039988 1.1937474 2.9045851 3.0618473 3.0198715 2.9111757 2.9471154 3.6649232 2.7226792 2.9823375 3.1273050 1.1065340 1.1735833 3.1496679 1.2640634 1.1825082 5.8781216 6.2933257 6.1630702 5.6451521 6.2505687 6.3600024 6.0830816 5.1076045 5.4904838 5.6522323 5.6493683 4.8462885 4.8830344 5.1090270 4.8688662 5.1089611 6.1637257 5.9350964 5.5316334 6.0423469 7.3328846 4.7374891 6.5019829 5.9404466 6.5180894 5.3991853 6.1722879 6.0041919 7.4375627 7.3475915 6.9155126 7.8902409 6.5766892 7.2731014 6.3925920 7.0793517 7.0843268 7.0883250 6.8109077 6.8685668 6.7389755 6.8932619 6.6365970 
BRhit__Halobacteriales_archaeon_QS_8_69_26__UniRef90_A0A2R6JS63            4.1161069 4.2037043 3.5425186 3.7906931 1.6203689 1.2278716 4.1903646 3.3668915 4.2800781 3.9597866 1.3990389 3.9692777 4.4643240 3.8393317 1.2890411 0.7497077 0.7751736 0.7854401 0.6774717 0.6526524 0.6607363 0.0000000 0.7563561 0.7683017 1.0459571 1.2230865 1.1421237 1.2657445 1.2640460 3.1898244 3.3267289 3.5092795 3.4712171 3.2627500 4.4379181 3.1869358 3.7816920 3.4506693 1.4755029 1.5819230 3.5425186 1.6405640 1.4956558 5.3247900 5.1867816 5.0582827 5.1090891 4.9570397 5.4355652 5.2372271 5.0630655 5.2694276 5.3278365 5.3172531 4.6685299 4.9173936 4.7609892 4.5713533 5.1185194 6.0532983 5.8910082 5.6963391 5.9856002 6.2642524 4.7418461 6.3577734 5.8876924 6.0704501 5.5229623 5.8068087 5.9717154 7.9007167 7.7774192 7.5811449 8.4540929 7.1854165 7.9964071 6.8088773 7.6887949 6.7429015 7.8382785 7.0087877 7.4614597 6.9606764 6.7026560 6.9088191 
BRhit__Uncultured_archaeon__UniRef90_I1X958                                3.9028907 3.6582116 3.2462487 3.3265860 1.5894325 1.3931791 3.1868412 2.7025056 3.3029953 3.5434604 1.3941126 3.1791483 3.8953968 3.3256100 1.4330781 0.8185947 0.8046732 0.8411501 0.7483738 0.7869546 0.9404403 0.7563561 0.0000000 0.8279776 0.9941565 1.3103675 1.0937110 1.4463725 1.3988051 3.0864406 3.1226052 3.4173694 3.4213257 3.1945220 3.7681463 2.9816852 3.6404798 3.1744187 1.4213508 1.6024374 3.2462487 1.6495745 1.5948399 5.3652987 5.1748147 5.0230389 4.7930550 5.4314474 5.1493788 4.6321153 4.4426382 5.0079045 4.7423100 4.4896497 4.2236375 4.4711150 4.2268534 4.3532811 4.9835156 5.3030123 5.1112571 5.0571894 5.9530523 6.1964563 5.0182529 5.4518725 6.4272352 5.9228845 5.1974145 4.7695666 5.5315697 7.0820830 7.2255411 6.8775248 7.9611028 6.5863609 7.4399648 6.6731678 6.8592640 7.0388636 7.8064984 6.9356915 7.4881060 7.2462037 6.9347550 7.1243285 
BRhit__Halorientalis_regularis__UniRef90_A0A1G7RA78                        3.6898765 3.9430083 3.2967052 3.4353368 0.9751204 0.9421386 3.5311806 3.1106427 3.5656570 3.2566289 0.9621182 3.3855103 4.5009041 3.5932348 1.0362804 0.9221795 0.9002623 0.9081305 0.8464438 0.8531273 0.8402626 0.7683017 0.8279776 0.0000000 0.9218906 0.8901392 0.6861412 1.0112682 0.9782859 2.8073354 2.9040393 3.2087286 3.0076313 2.7792234 3.6479687 3.0738468 3.0698861 2.9707009 1.0617155 1.2301896 3.2967052 1.3917176 0.9797807 5.1295129 5.4023131 5.3370600 5.1021837 5.4429403 5.5752116 4.7494480 5.3907991 6.0299039 5.7983029 5.4317406 4.8255688 5.2918497 5.3071724 5.1030857 4.7285535 5.8648322 5.5308751 6.2925622 6.2841279 5.8050283 6.1575979 5.8018080 6.1069710 5.4316629 5.6694289 5.4167158 6.1502287 8.5825797 8.9537341 8.5656796 8.9999985 8.4721832 8.9999985 8.1638461 8.8441279 7.2130047 8.5930289 8.5281461 8.1303768 7.8274838 7.9597486 7.7033809 
BRhit__unclassified_Halobacteriales__UniRef90_A0A2R6LDY7                   3.6070594 3.6411934 3.3588458 3.4606909 1.4767085 0.9447072 3.7407306 3.4943114 3.7441003 3.8067296 1.2841891 3.5612276 3.8879618 3.8564893 0.9829710 0.9836154 0.9535342 1.0535355 1.0301034 0.9116098 1.1151430 1.0459571 0.9941565 0.9218906 0.0000000 0.8059286 0.8621369 0.8791647 0.9156201 2.4260512 2.5091657 2.8897148 2.7797295 2.6193888 3.2666320 2.9287671 2.6984672 2.6533035 1.3776284 1.5325348 3.3588458 1.4211876 1.3206131 6.2479532 6.8093661 6.5193248 6.3336793 6.7320900 6.7281652 6.7343408 6.1366986 5.9287515 6.0732380 6.2583507 5.4927064 5.2525675 5.6707536 5.4216533 5.7689019 6.1326851 5.9614327 6.5825632 7.0581723 6.5174215 5.5285209 6.4064296 7.2708563 6.5777114 6.7603976 5.8631226 6.7766310 7.0711676 6.9414028 7.0119827 7.5164434 7.3447635 7.0998911 6.4098841 6.8944499 6.9789401 7.3368375 6.6777540 6.6749445 7.1228190 7.0289580 6.2529207 
BRhit__uncultured_archaeon_A07HR67__UniRef90_V4ZQH6                        3.0900693 3.4117204 2.8346842 3.2357881 1.2370385 0.2525072 3.3449908 2.8630925 3.3336380 3.3421404 1.1363074 2.9979863 3.6736019 3.2891288 0.2584968 1.0187029 1.0278204 1.1554738 1.1031583 1.0523484 1.1149757 1.2230865 1.3103675 0.8901392 0.8059286 0.0000000 0.8677432 0.1463875 0.2070275 2.7774523 2.9004845 2.9902173 3.1402724 3.0978884 3.8462300 3.2743682 3.2234415 3.1469767 1.2727313 1.4043453 2.8346842 1.3302355 1.1424602 5.2410983 5.8475243 5.5989732 5.5080768 6.0607311 5.7766130 5.8052780 4.9633835 5.3285884 5.5549748 5.5299237 4.8845035 5.2901537 5.2467134 5.2409510 5.4623361 5.6901748 5.2912845 5.6122699 7.3754052 5.6607342 5.7294708 5.7418342 7.2154599 5.8766097 5.9910224 5.3609522 6.3106570 7.1539924 7.5065472 6.9015165 7.8915343 7.1695572 8.1897975 7.1015500 7.4682988 6.0018006 7.5534591 7.5824380 6.6700240 6.7728917 6.6403618 6.3679820 
BRhit__Halobaculum_sp_MBLA0143__UniRef90_UPI00352426DC                     3.2454567 3.0985415 3.2299726 3.3812064 1.1026419 0.9079322 3.3570475 2.8277134 3.4031000 3.2934593 1.0171807 3.2781136 3.8089695 3.4141805 0.9309723 0.9682482 0.9334190 1.0485155 0.9772172 0.8931760 0.9800333 1.1421237 1.0937110 0.6861412 0.8621369 0.8677432 0.0000000 0.8940833 0.8722808 2.4508926 2.5681032 2.8872227 2.6463855 2.6196445 2.9095919 2.6184254 2.5648144 2.8585098 1.1639870 1.2557333 3.2299726 1.2886586 1.0252102 4.8346024 5.6625170 5.3377698 5.3853949 5.4102899 5.1358346 5.0297958 5.0201615 5.3156838 5.2612132 5.2533027 4.6120618 4.8978570 5.1226557 4.9387739 5.4890291 5.4894762 5.1000289 5.9423866 6.2314938 5.9466049 5.5341861 5.3160543 6.1788537 5.3897168 5.3368430 5.0445294 5.8561696 7.9038513 7.0911960 7.6539688 8.8420361 7.6353519 8.8582038 7.2635116 8.3668278 6.2148844 7.5920823 7.8429779 7.4464593 7.2477531 6.8233548 7.4091678 
BRhit__Halorubrum__UniRef90_A0A4U7F7H9                                     2.9635761 3.2456837 2.7807911 3.1434094 1.3074918 0.2310176 3.4555976 2.6881682 3.4619157 3.4969388 1.1838770 3.0024654 3.5708977 3.2651715 0.2577060 1.0695571 1.0455306 1.1703889 1.2237937 1.1125456 1.2039988 1.2657445 1.4463725 1.0112682 0.8791647 0.1463875 0.8940833 0.0000000 0.1434303 2.7507113 2.8359749 2.8394281 3.1572773 2.9027752 3.7811845 3.1926898 3.3714931 2.9824646 1.3275675 1.4177382 2.7807911 1.4309160 1.2577581 5.9051093 6.6791566 6.5220757 6.2231707 6.7543929 6.3937878 6.6633773 5.3559892 6.0844115 6.2293382 6.3654217 5.1792564 5.7717302 5.5905730 5.8180222 6.0489473 6.1348764 5.6664806 5.8962345 7.5145178 6.3740272 5.9543779 6.2632636 7.8622920 6.4775236 6.5074998 5.7975457 6.6550864 7.3355988 7.8932357 6.9714044 7.6416521 7.3731793 8.2399873 7.2796157 7.7231084 6.1303712 7.6039045 7.5971296 7.2426295 7.0357986 6.8468280 7.2821406 
BRhit__Halobacteria__UniRef90_P69051                                       3.0000854 3.2482382 2.7903503 3.2136883 1.2140203 0.1850278 3.4548159 2.6668762 3.5026506 3.5094001 1.1140266 2.8809068 3.5869686 3.3289616 0.3262697 1.0864129 1.0498507 1.2070357 1.2135943 1.1090274 1.1937474 1.2640460 1.3988051 0.9782859 0.9156201 0.2070275 0.8722808 0.1434303 0.0000000 2.7337729 2.8570395 2.9044227 3.1174838 2.9987182 3.7049434 3.3278906 3.2905806 2.9002226 1.2795238 1.3648588 2.7903503 1.3956613 1.2233686 6.1973774 6.4438584 6.0588679 6.1908919 6.4193145 6.2310338 6.4755316 5.5121955 5.9081142 5.9291939 6.0324568 5.1676808 5.8740774 5.5118387 5.4339389 6.2115190 6.2033229 5.8379137 6.0356656 7.4529714 6.3423861 6.4466060 6.1134790 7.4193185 6.6830253 6.4843991 6.0725353 6.7361000 7.5753006 7.9926890 6.8725576 7.8303361 7.4822294 8.1526281 7.2070081 7.7326775 6.3359614 7.7345998 7.3968191 7.3351456 7.0803432 6.7097099 7.3501844 
GCyR2hit__Nostocales__UniRef90_A0A252D874                                  3.0621576 2.4506474 2.0034408 2.2431176 2.5949549 2.6111128 2.5397061 2.3225945 2.5307397 2.3583546 2.3149432 2.2699648 2.8225632 2.2570320 2.8114607 2.9772182 2.8607207 3.0222627 2.8698381 2.8458856 2.9045851 3.1898244 3.0864406 2.8073354 2.4260512 2.7774523 2.4508926 2.7507113 2.7337729 0.0000000 0.1381414 0.3558409 0.5476558 0.7613864 0.7864496 0.7750217 0.9046569 1.1218131 1.9738018 1.9933851 2.0034408 1.9804103 1.9101922 6.1941101 5.8080518 5.8163447 5.7797692 6.3210802 5.6317488 6.3544623 5.7298734 5.8236927 5.1828850 5.3179952 5.4134494 6.5009705 5.7543665 5.0659744 6.5918037 7.6191070 7.4565248 6.6752752 6.9131160 6.5153634 6.5512535 5.8497431 7.4653961 5.5453846 6.1001848 6.3168858 7.0989795 7.4480803 7.7931578 7.0682604 7.8183251 6.7386606 6.9315510 7.0800426 7.1546463 5.9632713 6.4988816 6.9530436 6.6606187 6.0327354 6.3450536 7.2645924 
GCyR2hit__Tolypothrix_bouteillei_VB521301__UniRef90_A0A8S9SVI8             3.0796311 2.5829800 2.0549520 2.2736007 2.4991469 2.7677055 2.4816156 2.4619026 2.5012482 2.4567964 2.3084159 2.2945733 3.0270459 2.3242031 2.9203960 3.0415367 3.0116084 3.2080626 3.0146580 2.9960321 3.0618473 3.3267289 3.1226052 2.9040393 2.5091657 2.9004845 2.5681032 2.8359749 2.8570395 0.1381414 0.0000000 0.3550388 0.5064983 0.7720265 0.8036198 0.7808486 0.9261162 1.0788415 1.9536470 2.0516638 2.0549520 2.0795067 1.9460162 7.1652831 6.4380502 6.5229701 6.4578608 7.1480377 6.3127066 7.1275666 6.7711719 6.3064709 5.9706231 6.1513393 6.1789792 7.8688442 6.6149325 5.8216054 7.5681666 8.7687461 8.6136885 7.3380925 7.2226255 6.4937236 7.7348264 6.4778553 7.9300559 6.0021185 6.7825040 6.6608733 7.8189361 7.8774901 8.7402200 7.6518987 8.1381739 7.8146498 7.5459487 7.7318397 7.7717312 6.2324225 7.2126184 7.4110989 7.2301021 6.4404005 6.7351416 7.8858580 
GCyR2hit__Nostoc_sp__UniRef90_UPI002FFB8FFD                                2.8723911 2.6797258 2.1838457 2.4203706 2.8005041 2.8299293 2.7223033 2.4619521 2.7354296 2.4455393 2.6418009 2.5320974 3.2397930 2.2997338 3.0397246 3.2142858 3.0915011 3.3170578 3.1025885 3.2080722 3.0198715 3.5092795 3.4173694 3.2087286 2.8897148 2.9902173 2.8872227 2.8394281 2.9044227 0.3558409 0.3550388 0.0000000 0.5501549 0.8089157 0.7579516 0.6937418 0.8956771 1.1223371 2.1287942 2.2049592 2.1838457 2.1568449 2.1296073 7.5966685 7.1730669 7.1400034 7.5675553 7.6209032 6.9391456 7.3787095 6.5515951 6.6044839 6.0423218 6.0646126 6.0054170 6.9119155 6.5562772 5.5760741 7.5740123 8.6085594 7.9403793 7.5545452 7.3180628 7.4284387 8.4148020 6.8488207 7.7634000 6.6609815 7.1530601 7.1114535 8.5221489 7.9168122 7.8623623 7.4812068 8.4544360 7.2160753 7.4800394 7.1661718 7.9166962 6.2652849 6.7005178 7.3600073 7.0340557 6.3936796 6.3163722 7.4545816 
GCyR2hit__Tolypothrix_sp_NIES_4075__UniRef90_A0A218QMM7                    3.0684346 2.7717981 2.3699625 2.5986269 2.6867919 2.9943213 2.7297510 2.5887613 2.6105061 2.4078021 2.8308473 2.5638406 3.1983117 2.5107643 3.2398246 3.1292136 2.9924267 3.1055210 2.9083934 3.0958571 2.9111757 3.4712171 3.4213257 3.0076313 2.7797295 3.1402724 2.6463855 3.1572773 3.1174838 0.5476558 0.5064983 0.5501549 0.0000000 0.9390020 0.6389841 0.9066295 0.7659501 0.9553345 2.3997932 2.5346739 2.3699625 2.3759265 2.2729903 6.6684078 7.0866377 7.0695890 6.6099850 7.4140312 7.0621791 7.5670642 6.4569031 6.3971441 6.2162984 6.2185676 6.7301853 7.2720401 7.0356980 6.4661507 8.5649805 8.6481053 8.8570098 7.9788234 7.7466088 8.0483190 8.2178168 6.9898961 8.4596631 7.1959723 7.3430313 7.2782109 8.9999985 8.9999982 8.9999987 8.9999982 8.9999983 8.9999990 8.7986058 8.4053241 8.9999980 7.6770770 8.9999982 8.0533480 7.8494352 8.0447931 7.6470171 7.7489938 
GCyR2hit__Pleurocapsa_sp_FMAR1__UniRef90_UPI0029C671DC                     2.7783938 2.5663531 2.5206524 2.5232797 2.3653625 2.9575911 2.4826178 2.3864691 2.5401510 2.2424964 2.1956616 2.3940783 3.3528071 2.4255661 3.0515739 2.9951046 2.8305377 2.9679787 2.7904226 2.8706896 2.9471154 3.2627500 3.1945220 2.7792234 2.6193888 3.0978884 2.6196445 2.9027752 2.9987182 0.7613864 0.7720265 0.8089157 0.9390020 0.0000000 1.2353226 0.8972725 1.2935553 1.1379662 1.9358159 1.9567216 2.5206524 2.0781469 2.0008362 6.5419336 5.9742212 5.8687945 5.6128969 6.1554756 5.7694787 6.0566255 6.2007312 6.6265893 5.1274627 5.3877372 5.5705308 6.5635168 5.9204281 5.1818253 6.7878270 7.0871393 7.0853673 6.7955943 6.3910588 6.2297909 7.0924722 5.7946899 7.1736461 5.5433174 6.8980023 6.1444771 6.5767191 7.7038632 7.7954149 7.4583903 7.9961815 6.8629922 7.7985976 7.3314480 7.3601291 6.2693589 7.0718115 7.4023304 6.1981335 6.3746308 6.6718120 6.8727228 
GCyR2hit__Nostocaceae_cyanobacterium__UniRef90_A0A838VMV4                  3.1958065 2.8954993 2.6503274 2.7556049 2.8872805 3.5114556 3.1737108 2.9111780 3.3250539 2.8750888 2.7593943 2.8341897 3.5112435 2.6948508 3.9936513 3.8556027 3.6503799 3.9439285 3.8604133 3.9593937 3.6649232 4.4379181 3.7681463 3.6479687 3.2666320 3.8462300 2.9095919 3.7811845 3.7049434 0.7864496 0.8036198 0.7579516 0.6389841 1.2353226 0.0000000 1.1227553 1.2318811 1.1625052 2.5767270 2.7645140 2.6503274 2.6008716 2.6162179 7.9971156 8.3887232 7.9726502 7.6944987 8.2588866 7.8292320 8.2740699 7.2325300 7.7827401 6.5346520 6.5101797 6.2058184 7.2706077 7.1939415 6.6957695 7.9498053 8.4462143 8.9999989 8.9999988 7.8799802 8.5026193 8.9002013 6.7337483 8.0797042 8.5556264 8.2951222 7.8840113 8.9999990 8.9999982 8.9999983 8.9999988 8.9999982 8.7715508 8.5978285 7.9859073 8.9999983 8.0276395 8.8368245 7.8833524 8.4973993 8.0882774 7.9571540 7.6042513 
GCyR2hit__Phormidesmis_priestleyi__UniRef90_UPI0009442622                  3.0603362 2.8190438 2.4259662 2.4993076 2.4298245 3.0805512 2.5749790 2.4357702 2.6375586 2.6178374 2.2511290 2.5647632 3.1507288 2.4004051 2.9629021 2.7893980 2.7516001 2.8898630 2.5637521 2.7603916 2.7226792 3.1869358 2.9816852 3.0738468 2.9287671 3.2743682 2.6184254 3.1926898 3.3278906 0.7750217 0.7808486 0.6937418 0.9066295 0.8972725 1.1227553 0.0000000 1.1957569 1.2847527 2.0173786 2.1364873 2.4259662 2.2226832 2.1005009 6.7003036 6.8156274 6.4965661 6.3482776 7.1783517 6.4505013 6.7907831 5.8769911 6.1043260 5.0724109 4.9908949 5.8520808 6.1755625 5.9590950 5.2892822 6.3966913 8.0186559 7.4452161 7.1272431 7.0363309 6.7169166 7.0042871 5.6891422 7.5842506 5.7082459 6.1437593 6.1715475 6.6864533 8.6220782 8.2757592 8.0298783 8.3270919 7.5426846 8.0602183 7.8363801 7.9269217 6.4606111 7.5991268 8.1837133 7.3046751 6.6580895 6.7418903 7.8220889 
GCyR2hit__Pseudanabaenaceae_cyanobacterium_LEGE_13415__UniRef90_A0A928V9X3 3.0888781 2.8996632 2.6533174 2.6966791 2.8381094 3.1493225 2.8636502 2.7101213 2.7345534 2.7718070 2.8025040 2.6594677 3.5692811 2.6657916 3.3598570 3.2871975 3.1481186 3.4840179 3.4300771 3.2781303 2.9823375 3.7816920 3.6404798 3.0698861 2.6984672 3.2234415 2.5648144 3.3714931 3.2905806 0.9046569 0.9261162 0.8956771 0.7659501 1.2935553 1.2318811 1.1957569 0.0000000 1.3407498 2.4085288 2.5636345 2.6533174 2.3619457 2.3009584 5.2370771 5.8999397 6.0292847 5.4843422 5.8723770 5.8054839 6.7577730 5.6668122 5.8554376 5.3670699 5.5033092 5.4579940 6.1761830 5.3138350 5.2293698 6.2388551 6.9689416 7.3545420 7.2479152 6.2253636 6.3929893 6.9144817 5.3373622 6.6855800 6.3570856 5.6455655 5.6429502 6.8441587 7.7154861 8.2880969 7.9172963 8.0875852 7.9145405 7.4738913 7.6724812 7.3472854 7.9151145 6.9653047 6.5330366 7.4857050 7.6007805 7.6260579 7.2705549 
GCyR2hit__Cyanobacteria_bacterium_QH_9_48_43__UniRef90_A0A2T2RN81          2.5816365 2.6309307 2.2505246 2.5405746 2.5305357 2.9531187 2.6143271 2.5088189 2.5530879 2.4719498 2.5138252 2.5941215 3.1388654 2.5621534 3.2212472 2.9254572 2.7794132 2.8884775 2.8403667 2.8642557 3.1273050 3.4506693 3.1744187 2.9707009 2.6533035 3.1469767 2.8585098 2.9824646 2.9002226 1.1218131 1.0788415 1.1223371 0.9553345 1.1379662 1.1625052 1.2847527 1.3407498 0.0000000 2.0596535 2.0863304 2.2505246 2.0578799 2.1343232 6.5677761 6.6285643 6.3723814 6.4833131 6.5513040 6.3036615 6.2748854 5.8313165 6.6519687 5.8407907 6.0568823 6.2749004 6.8390461 6.1447852 6.1451018 7.3497246 8.0115576 8.5106906 7.7881052 7.7961299 8.1158195 8.2409391 7.2242239 8.3624745 7.8365610 6.8537148 7.3380539 8.2415519 8.4627962 8.9258173 8.1727421 8.9999980 8.6003692 8.3797648 8.3727700 8.9999980 6.8914228 7.9472175 8.7453360 8.6496910 7.7373713 7.7027750 8.4044231 
GCyR2hit__Halegenticoccus_tardaugens__UniRef90_UPI00100C2973               3.1323466 3.1569158 2.5771040 2.6943306 0.6517657 1.2614073 2.7250570 2.8561442 2.8182926 2.7061095 0.7724850 2.8889663 2.9696626 2.6871696 1.4331902 1.2851415 1.3053154 1.2775236 1.2946800 1.2762524 1.1065340 1.4755029 1.4213508 1.0617155 1.3776284 1.2727313 1.1639870 1.3275675 1.2795238 1.9738018 1.9536470 2.1287942 2.3997932 1.9358159 2.5767270 2.0173786 2.4085288 2.0596535 0.0000000 0.2413116 2.5771040 0.2665682 0.2599340 5.0991437 5.4439548 5.3130025 5.5283856 5.2530301 5.1769827 5.5474777 4.6739064 5.3105476 5.1209495 5.2722400 4.7938286 4.9984441 4.9885777 4.4019876 5.2421647 6.1417073 6.1380024 5.7151684 5.7080919 6.2113786 6.0661420 5.4860554 5.8977519 5.6378817 5.2978818 6.0484232 5.7064126 7.8603975 7.6598340 7.2361127 7.8569359 7.2379793 7.5960662 7.4056444 7.3884505 6.5193998 7.4440788 7.6855046 7.0050271 7.2773201 7.4532956 7.3046274 
GCyR2hit__Haloferax_mucosum_ATCC_BAA_1512__UniRef90_M0IDG5                 3.2101951 3.2928757 2.8494638 2.9522132 0.7149987 1.4015548 3.0043709 3.1335693 3.0816933 2.9526681 0.7782819 3.0214820 3.1034712 3.1120334 1.5194204 1.4391377 1.4280744 1.3558912 1.3715581 1.3898190 1.1735833 1.5819230 1.6024374 1.2301896 1.5325348 1.4043453 1.2557333 1.4177382 1.3648588 1.9933851 2.0516638 2.2049592 2.5346739 1.9567216 2.7645140 2.1364873 2.5636345 2.0863304 0.2413116 0.0000000 2.8494638 0.3319220 0.2575799 5.9771634 6.3573297 5.8030498 6.2475033 5.8530961 5.8614451 5.9873733 5.7839015 6.4937216 5.7424273 5.8343385 5.3995622 6.0768257 5.8415273 5.4301599 5.6347506 7.1777808 6.7785603 6.1848110 6.8857856 8.0652373 6.8382327 7.4747040 7.2557844 7.1715464 6.1227598 6.8496474 7.0601353 8.6850157 8.9537393 7.8480993 8.9564412 8.1754251 8.9745732 8.4868135 8.6455880 7.2900793 7.9297451 8.4355526 7.7427046 8.3607667 8.3385953 8.3845403 
GCyR2hit__Leptolyngbya_sp_FACHB_261__UniRef90_A0A926UF78                   2.5754835 0.8580470 0.0000010 0.5078430 3.0473429 2.9222381 0.9284787 0.6007470 0.9965272 0.7043820 2.8349905 0.6285163 1.1603801 0.5667557 2.9743997 3.0015898 2.8719202 3.1112523 3.0707954 3.1071999 3.1496679 3.5425186 3.2462487 3.2967052 3.3588458 2.8346842 3.2299726 2.7807911 2.7903503 2.0034408 2.0549520 2.1838457 2.3699625 2.5206524 2.6503274 2.4259662 2.6533174 2.2505246 2.5771040 2.8494638 0.0000000 2.6023906 2.5529532 6.4921312 6.5549402 5.9699154 6.4150381 6.1732907 6.4403321 5.9933308 6.1805348 6.5183479 5.6828786 5.5579993 5.7477385 6.6276475 6.0916241 5.8837964 6.8525587 6.8171662 6.8676440 6.5080609 8.0766905 7.1476621 7.6254351 6.9051457 8.3717213 7.6180644 6.8324869 6.7725407 7.9945251 6.9483320 6.9445276 6.6257847 6.6843862 6.7145854 6.3851461 6.4423930 6.8198370 6.4470169 6.6744719 6.8926366 6.8388228 6.8712353 6.8570879 6.7989044 
GCyR2hit__Halobiforma__UniRef90_A0A1P8LVS0                                 3.0228686 3.0037948 2.6023906 2.7443738 0.7679765 1.3253719 2.8827101 2.8644320 2.9769936 2.8323506 0.8091148 2.8005068 3.1457948 2.7067592 1.4889299 1.3355077 1.4028821 1.3668953 1.3082306 1.3677617 1.2640634 1.6405640 1.6495745 1.3917176 1.4211876 1.3302355 1.2886586 1.4309160 1.3956613 1.9804103 2.0795067 2.1568449 2.3759265 2.0781469 2.6008716 2.2226832 2.3619457 2.0578799 0.2665682 0.3319220 2.6023906 0.0000000 0.3259514 5.0998157 5.2260945 4.9845058 5.2142445 5.0060083 5.2043074 5.3209844 4.8132600 4.6950530 4.8546342 4.8522030 4.5299191 5.1947858 5.1062821 4.5145569 4.8923315 5.8256046 5.7569323 5.2790605 5.2980300 6.1264337 5.4210545 5.6318670 5.5665801 5.3373628 4.8712834 5.5684445 6.2556201 7.4820436 7.9162481 6.5301763 7.3825921 7.2708567 7.0245190 6.9155319 6.6708742 6.3176947 7.3258477 7.2770292 6.3863320 7.1046408 7.6713628 6.8580779 
