90
YCyR2hit__Nodosilinea_nodulosa__UniRef90_A0AAJ6N6B2                        0.0000000 2.3621371 2.4738587 2.6229504 2.8291788 3.0420514 2.7320003 2.4575019 2.6210931 2.6039027 2.8103348 2.6878623 2.9187360 2.7467132 3.0787685 3.7906253 3.8701041 3.8634081 4.0310481 3.8635577 3.7840278 3.9885264 3.8026167 3.4514089 3.6281544 3.2344833 3.2222370 3.1395747 2.9258145 3.0367653 3.0573226 2.8724906 3.0016844 2.8586932 3.0281552 3.0503873 2.9648107 2.4838110 2.9643165 3.1212954 2.4738587 2.9706101 3.0493210 2.8164731 7.0116780 7.4826191 7.1624761 7.1461314 6.8144371 6.4597678 7.5009822 6.7456409 8.3374010 7.1445669 7.3802418 6.1754453 8.5271335 7.1572312 6.8272944 7.8999011 8.9999988 8.9999989 8.9999982 8.9999988 8.8084778 8.1379786 8.9999988 8.9999989 8.5987340 7.7360694 8.9999986 8.9999981 8.6540594 7.9845322 7.4106100 7.7598150 8.4269472 7.7999311 8.6951105 8.9999987 8.2706726 8.9999983 6.3226041 7.6693870 8.8131426 7.1785858 8.1421361 7.3938557 7.7082342 3.8855929 
YCyR2hit__Pseudanabaena_sp_FACHB_2040__UniRef90_A0A926ZYX4                 2.3621371 0.0000000 0.8347976 0.6747039 3.2763604 3.0565177 1.2753641 0.7448078 1.1533824 0.8772786 3.4223528 0.6950228 1.2137127 0.7572248 3.1401569 3.3911106 3.2735451 3.3360814 3.3581402 3.4661187 3.4275495 4.0267837 3.5432850 3.7792248 3.4723153 3.2532141 2.9734573 3.0956841 3.0988807 2.3399530 2.4659603 2.5625931 2.6480134 2.4488564 2.7628736 2.6943520 2.7677108 2.5059273 3.0176823 3.1403616 0.8347976 2.8691747 2.6849174 2.8859515 5.4729409 5.9273336 5.5749088 5.7612467 5.5939165 6.0321926 5.8691046 6.3864990 6.8981023 6.6239695 6.8094803 5.7280577 6.7246560 6.0210938 6.2137723 6.2414700 6.3942659 6.8022683 6.5362792 7.2196932 7.5852499 6.8060541 5.9112172 7.5044298 7.7661432 5.6272621 5.6075500 7.2601656 7.5490977 5.6550837 6.2365358 6.1841303 6.4459320 6.8178341 6.6769505 6.5290085 6.6839421 6.5437343 6.6343170 6.3098676 6.6145391 6.3311071 7.8857796 7.1369495 6.7639892 3.3649342 
YCyR2hit__Leptolyngbya_sp_FACHB_261__UniRef90_A0A926UF78                   2.4738587 0.8347976 0.0000000 0.4954157 2.9199631 2.7828051 0.8983237 0.5844265 0.9655401 0.6858572 2.7171655 0.6133704 1.1216172 0.5530036 2.8302247 2.8614616 2.7403680 2.9633521 2.9354872 2.9652426 3.0130359 3.4032382 3.0500643 3.1599581 3.1993554 2.6968035 3.0839872 2.6476960 2.6585376 1.9170556 1.9682887 2.0927689 2.2567138 2.3984973 2.5240716 2.3276324 2.5193644 2.1443816 2.4667854 2.7192101 0.0000010 2.4889102 2.4360651 2.2733431 6.3463853 6.4646606 5.9235593 6.3702111 6.1495521 6.3341362 5.9396637 6.1224856 6.3505129 5.7186939 5.5714228 5.6946269 6.4167752 6.1634166 5.9217100 6.6947831 6.7768576 6.8261051 6.5616347 8.1486679 7.5014017 7.5029708 6.8388789 8.4506586 8.0608214 6.6749957 6.9043333 7.9595607 7.3319870 6.7631602 6.8484620 6.8059656 6.4357419 6.5129821 6.8742221 6.4552467 6.5497831 6.8990742 6.4316571 6.4607560 7.0557719 6.7651156 6.9149334 6.8534973 6.6116359 2.8400736 
YCyR2hit__Hassalia_byssoidea_VB512170__UniRef90_A0A846HFU5                 2.6229504 0.6747039 0.4954157 0.0000000 3.0516864 2.9379006 0.8440282 0.4997400 0.8426470 0.5967491 3.1278785 0.5542305 1.0645793 0.3397697 2.9440946 3.0952426 3.0194413 3.2215399 3.2416202 3.1824228 3.4532328 3.6358126 3.2208641 3.2964786 3.2962057 3.0856861 3.2317582 2.9967503 3.0659371 2.1418754 2.1739820 2.3132007 2.4803040 2.4015046 2.6311712 2.3863350 2.5702664 2.4189633 2.5754361 2.8193235 0.4954157 2.6218886 2.5082811 2.5327116 5.6273647 5.9338995 5.6802222 6.2758614 6.0092626 6.1179011 6.0296815 6.0807759 6.0880960 5.3458228 5.8504757 5.4494903 6.3984594 5.5633985 5.4716472 5.9539680 5.8476732 6.3683665 6.0373992 7.0089742 7.8107018 6.8986397 6.3420082 7.4704057 7.4629982 6.0980918 6.2267372 7.4833502 7.5890406 6.1427943 6.9646548 7.0797096 6.7962901 7.1775928 6.9541840 6.5709379 6.6347906 6.5725701 6.2238047 6.7840111 6.8371244 6.5519697 7.1357590 6.7640524 6.6147588 3.0722213 
YCyR2hit__Halorientalis__UniRef90_A0A1G7PUC9                               2.8291788 3.2763604 2.9199631 3.0516864 0.0000000 1.2964480 2.6123070 2.8266309 2.6597367 2.9457934 0.2345386 2.8629569 3.0368520 3.1093787 1.3271196 1.3263896 1.3189840 1.3250181 1.3216857 1.3122149 1.1404640 1.6174003 1.5795969 0.9686243 1.4839599 1.2218654 1.0833428 1.2919121 1.2244910 2.5001802 2.4104604 2.6940644 2.6500486 2.3850791 2.8386793 2.3860587 2.7150781 2.4340449 0.6348760 0.6961474 2.9199631 0.7466620 0.6874141 0.7294119 5.7898196 6.4279204 6.3486371 6.1060617 6.5609120 6.3803967 6.2360230 5.5167700 6.1883457 5.9135442 5.9526758 4.9785225 6.2984686 5.9372305 5.4920856 6.0133640 7.2875397 6.6561718 6.6656103 6.7517872 6.3952243 6.7064465 7.3933506 7.0903281 5.8400970 5.8524347 6.7310840 6.8838074 6.9203467 6.0229130 8.9730997 8.9109877 8.5557467 8.6474967 8.9999987 8.9999986 8.9999984 8.9999987 8.1381887 8.5642071 8.0056669 7.9388802 8.9999986 8.7941440 7.6629998 1.3538345 
YCyR2hit__UnknownTaxon__UniRef90_P29563                                    3.0420514 3.0565177 2.7828051 2.9379006 1.2964480 0.0000000 3.1452691 2.6906147 3.3699027 3.3230308 1.1172313 2.8874246 3.5563375 3.1105701 0.2562087 1.1622145 1.1530992 1.2387150 1.1621022 1.0874098 1.1198840 1.1716348 1.3218303 0.9307736 0.9209230 0.2477269 0.9430370 0.2267926 0.1754022 2.5067286 2.6510258 2.7109209 2.9779339 2.9066269 3.4945422 3.0607651 3.0077048 2.8228219 1.2409091 1.3750835 2.7828051 1.3024025 1.1722533 1.3548349 5.8637236 5.9221097 5.9728169 5.5631886 6.1801954 5.6279145 5.8336315 5.0486776 5.4159173 5.4443812 5.2915765 5.3625440 5.4421956 5.2322904 4.4253168 5.5989136 6.2045575 5.9396746 5.9787395 7.2393481 6.6497776 5.5385229 6.4334810 7.3877329 6.6700276 5.9691861 6.2281206 6.3366289 6.9732335 6.6119913 7.1652844 6.9306379 6.9907548 7.1043156 7.3483013 8.0086369 7.0548054 7.5674090 6.4085086 7.6840982 7.0696542 6.8184371 6.8980931 6.8197481 6.7895691 1.1852892 
YCyR2hit__Leptolyngbya_ohadii__UniRef90_UPI000B5A185C                      2.7320003 1.2753641 0.8983237 0.8440282 2.6123070 3.1452691 0.0000000 0.8511295 0.1260298 0.9733009 2.5698803 0.9574644 1.0085747 0.9863529 3.1017571 3.2928362 3.2786122 3.3350875 3.2528152 3.4045676 3.3716222 4.0128315 3.1257479 3.3696438 3.5702287 3.1872747 3.2085259 3.2878208 3.2952141 2.4280362 2.3758583 2.5983994 2.6072080 2.3672677 3.0248683 2.4570509 2.7369232 2.4873636 2.6025749 2.8682872 0.8983237 2.7483632 2.4157471 2.6548335 6.0659814 6.7741505 6.5031624 6.5246253 6.7192614 6.8417082 6.0675518 6.1548801 5.9699434 5.1785233 5.3707616 5.3015186 5.8371470 5.6715085 5.2888187 6.8971633 6.5729833 6.8470709 6.5983164 7.0214459 6.9010475 6.4779239 6.4926674 7.6889956 7.2983543 6.2474187 7.2288188 7.5119462 6.7421525 6.1355308 6.6450053 6.7055079 6.7298264 6.8522485 6.5327496 6.0671971 6.4051161 6.3952023 6.5543615 6.7847901 6.4185265 6.5732132 7.4798095 7.1006965 6.2449444 3.2675970 
YCyR2hit__Aliterella_atlantica_CENA595__UniRef90_A0A0D8ZW42                2.4575019 0.7448078 0.5844265 0.4997400 2.8266309 2.6906147 0.8511295 0.0000000 0.8622479 0.6034203 2.6300538 0.5702644 1.1687347 0.5220980 2.5424072 2.8292317 2.7867200 3.0348847 2.9677314 2.9660223 3.0817519 3.2370756 2.6195629 2.9750108 3.3274953 2.7285107 2.7022801 2.5636678 2.5404765 2.2182485 2.3504582 2.3518025 2.4755583 2.2793146 2.7807087 2.3300226 2.5822786 2.3932909 2.7261536 2.9887967 0.5844265 2.7297178 2.5421429 2.6065260 5.4268599 5.3656261 5.1745983 5.3755753 5.4173201 5.4489693 5.0450781 5.6014221 5.4451491 4.5349387 5.2148199 4.6550740 6.0102797 4.8716254 4.9087770 5.7070538 6.1809463 6.1797976 5.6962770 5.9927180 6.3524062 5.1728372 4.8999221 6.4780661 6.2511659 4.9523863 4.7969609 5.8291458 6.1982877 4.8510941 6.0015712 5.8402611 6.0480621 6.1909811 6.0073562 6.3901866 6.1225135 6.0578423 5.3743552 5.7217020 5.9297116 5.5089010 6.1715331 5.6765759 5.7680731 2.8084386 
YCyR2hit__Cyanobacteriota__UniRef90_A0A926PVG5                             2.6210931 1.1533824 0.9655401 0.8426470 2.6597367 3.3699027 0.1260298 0.8622479 0.0000000 0.9657440 2.7348411 0.9105625 0.9123982 0.9881503 3.1799914 3.2668006 3.2864058 3.1915500 3.2559424 3.3091778 3.5442301 4.1022919 3.2411322 3.4040293 3.5712505 3.1832765 3.2538833 3.3062013 3.3452173 2.4147685 2.3911269 2.6096122 2.4958470 2.4198955 3.1642625 2.5103364 2.6090499 2.4296638 2.6910004 2.9400105 0.9655401 2.8351466 2.4958743 2.7541659 6.1923425 6.4804760 6.2942269 6.6017719 6.3581499 6.5514178 5.9076665 5.5941885 6.1146147 5.4081992 5.5663960 5.1143756 5.8101828 5.5277707 5.3893828 6.5016154 6.1732164 6.3818053 6.4009125 7.6000846 7.0117727 6.7036017 6.8431445 7.8586895 7.1721603 6.0324148 6.7335412 7.5529356 6.8799122 6.1012176 6.6508791 6.9500936 7.0948005 7.0366456 6.7760914 6.3775164 6.6867987 6.6558362 6.2426901 6.6302593 6.6621168 6.8879388 7.6563981 7.0987569 6.3677846 3.2417749 
YCyR2hit__Microcoleus_sp_FACHB_1515__UniRef90_A0A926U182                   2.6039027 0.8772786 0.6858572 0.5967491 2.9457934 3.3230308 0.9733009 0.6034203 0.9657440 0.0000000 2.9970330 0.5981367 1.1882408 0.5779664 3.3092668 3.2437261 3.2078589 3.2477202 3.3208843 3.4481048 3.6018930 3.7956325 3.4283754 3.1159108 3.6386657 3.1897342 3.1475970 3.3395600 3.3498362 2.2643951 2.3586050 2.3531672 2.3126265 2.1512670 2.7554448 2.5082262 2.6538524 2.3639341 2.5938929 2.8237079 0.6858572 2.7074505 2.4527440 2.5879554 5.1994829 5.2442422 4.8090646 5.3836740 4.8818134 5.1816057 5.4860410 5.5384998 5.3598148 4.6501465 5.0974333 4.9466615 5.5951212 5.4111811 4.6355701 5.5523067 5.4343851 5.7593644 5.4175266 6.6086780 7.0735502 6.8528488 5.9105481 7.0653906 6.9848500 6.1218491 6.2586310 6.8867372 6.5528758 6.1618992 6.9072333 6.7150488 6.7052224 7.0377709 6.9012642 6.4249997 6.5488782 6.6876893 6.6348117 6.7621658 7.4295307 6.6243634 7.1576244 6.9758268 6.7421220 3.2184276 
YCyR2hit__Halorientalis_marina__UniRef90_UPI001FF6C9D7                     2.8103348 3.4223528 2.7171655 3.1278785 0.2345386 1.1172313 2.5698803 2.6300538 2.7348411 2.9970330 0.0000000 2.9421530 2.8993760 3.1589398 1.2203758 1.2225009 1.2361447 1.2192382 1.1652702 1.2278350 1.0504868 1.3902888 1.3674329 0.9550628 1.2899513 1.1234145 1.0024677 1.1693761 1.1250484 2.2388974 2.2324020 2.5418004 2.7877966 2.2198261 2.7117152 2.2092009 2.6838650 2.4141146 0.7489863 0.7559289 2.7171655 0.7845974 0.7302795 0.7981402 5.7771701 5.8837790 5.6544018 5.3641709 5.8682623 5.8841869 5.9923873 5.4498836 5.7247349 5.2715844 5.3508157 4.8399137 6.0325768 5.5134074 5.2623109 5.3242871 6.5650934 6.1598197 6.2488802 6.4717279 6.2084297 6.2025964 6.4031959 6.8859813 5.6501090 5.5812004 5.9108217 6.4185589 6.6164018 5.7966876 8.2735546 8.9999980 8.3193415 8.1624881 8.0859384 8.8847375 8.0599729 8.4052358 7.6439396 8.6597449 8.0899720 7.9163974 8.9331598 8.2816924 7.2097298 1.2479755 
YCyR2hit__unclassified_Leptolyngbya__UniRef90_UPI0016884D19                2.6878623 0.6950228 0.6133704 0.5542305 2.8629569 2.8874246 0.9574644 0.5702644 0.9105625 0.5981367 2.9421530 0.0000000 1.1601908 0.5830395 2.8298565 2.9742489 2.7963636 3.1206592 3.1813551 3.0591800 3.2750494 3.8029348 3.0875063 3.2424807 3.4009686 2.8598668 3.1314762 2.8667042 2.7526635 2.1656694 2.1909379 2.4178741 2.4508157 2.2819670 2.7090756 2.4604202 2.5457750 2.4688580 2.7615665 2.8861987 0.6133704 2.6743218 2.4705963 2.5956597 5.3677602 5.3920629 5.2085089 5.4287774 5.2055407 5.3694560 5.5729246 5.3247674 5.4592178 4.9299603 5.3671467 4.6960320 6.1350821 5.2322704 5.0485361 5.9395912 5.8376134 6.1503642 5.3015979 6.0357045 6.6151886 6.0225143 5.6854768 6.6183245 6.8651721 5.7646461 5.5359313 6.0171808 6.6341807 5.8811659 6.7920205 6.9993711 6.6364753 6.9915069 6.9623935 6.6139056 6.9389606 6.5375908 6.3795894 6.5706584 7.2715866 6.5421591 7.6493257 6.8324647 6.8029100 2.9522285 
YCyR2hit__Leptolyngbya_sp_NIES_2104__UniRef90_A0A0P4V0S4                   2.9187360 1.2137127 1.1216172 1.0645793 3.0368520 3.5563375 1.0085747 1.1687347 0.9123982 1.1882408 2.8993760 1.1601908 0.0000000 1.2586315 3.3905289 3.5865026 3.4345521 3.5058240 3.7279025 3.5278700 3.7582708 4.3150467 3.8068660 4.3538751 3.7318572 3.5258839 3.6611258 3.4184947 3.4497624 2.7045547 2.9018649 3.0991020 3.0667941 3.2091222 3.3760284 3.0283609 3.4214885 3.0015814 2.8549718 2.9784698 1.1216172 3.0193808 2.5395741 2.7859530 6.7968139 6.8177281 6.4745033 6.8757770 6.7047047 6.5025851 6.8813231 6.4350830 6.3787610 6.3083668 6.1171785 6.7625785 6.5386230 7.1612477 6.0735318 7.4753863 6.9900348 7.6074182 7.9303327 7.9721934 8.0333356 8.0490619 6.6673941 8.7727491 7.8603933 7.2587445 6.8812210 7.9647216 7.6952433 7.4585603 8.0172123 7.5849981 7.3536961 7.4781665 7.1780692 6.9472941 6.7002012 7.2308492 7.6234291 7.9683774 7.6654396 7.5296601 8.6604172 7.8800523 7.1521574 3.5587604 
YCyR2hit__unclassified_Nostoc__UniRef90_A0A252DUV9                         2.7467132 0.7572248 0.5530036 0.3397697 3.1093787 3.1105701 0.9863529 0.5220980 0.9881503 0.5779664 3.1589398 0.5830395 1.2586315 0.0000000 3.0630424 3.2525410 3.1179871 3.4067590 3.3758259 3.4007017 3.5058197 3.6654141 3.2173506 3.4363667 3.6702793 3.1233645 3.2558645 3.1053700 3.1614379 2.1568079 2.2231295 2.1986405 2.4039302 2.3064623 2.5738628 2.2998834 2.5427430 2.4409335 2.5644411 2.9657121 0.5530036 2.5793584 2.4793291 2.5256371 5.9725939 6.1568548 5.8038314 6.2665247 5.9974982 6.0906585 6.1476552 5.8826602 6.1644186 5.4091777 5.7084317 5.5597155 6.4064146 5.4599590 5.4599606 6.2716884 6.2638465 6.2955312 6.0304360 6.1568263 7.0130382 6.8558489 5.8078402 6.4502790 6.8045507 6.0807433 5.5228259 6.3176923 6.6682737 5.9992970 7.3532232 7.4809093 7.1644910 7.7103211 7.5262579 7.3472341 7.0191704 7.1718448 6.5597463 6.8397138 6.9843081 6.6018224 7.2802836 7.0192867 6.9614893 3.2282636 
YCyR2hit__Natronomonas_moolapensis__UniRef90_M1Y5I7                        3.0787685 3.1401569 2.8302247 2.9440946 1.3271196 0.2562087 3.1017571 2.5424072 3.1799914 3.3092668 1.2203758 2.8298565 3.3905289 3.0630424 0.0000000 1.1950811 1.2452664 1.2795641 1.1944936 1.1270661 1.2026770 1.2408705 1.3921150 1.0008450 0.9591206 0.2538560 0.9649648 0.2531192 0.3303751 2.6897980 2.7894942 2.9029846 3.2237864 3.0101655 3.9725042 2.9456483 3.2112715 3.0736811 1.4027908 1.4873067 2.8302247 1.4607767 1.3359894 1.4080997 6.1059731 6.4644327 6.4969302 6.0067292 6.4756182 6.2278523 6.3078389 5.1980484 5.7971620 5.3623365 5.6144256 5.4852312 5.4425178 5.2911448 4.8290653 5.6776294 6.4275761 6.0412503 5.8871924 7.2037868 6.6796213 5.2011547 6.4365452 7.7286849 6.4732764 6.0476499 6.0535539 6.2266756 7.0718811 6.8072172 7.6982125 7.4829836 7.4287203 7.4539166 7.6089046 8.4019975 7.2490747 7.8020832 6.5497564 8.0813184 7.6612686 7.1096069 7.2047987 6.9483791 6.9423499 1.2185489 
BRhit__Halobacterium__UniRef90_P02945                                      3.7906253 3.3911106 2.8614616 3.0952426 1.3263896 1.1622145 3.2928362 2.8292317 3.2668006 3.2437261 1.2225009 2.9742489 3.5865026 3.2525410 1.1950811 0.0000000 0.0867208 0.2182605 0.2601097 0.2089825 0.3857482 0.7292171 0.7779983 0.8990151 0.9944230 0.9987960 0.9372873 1.0428052 1.0629384 2.8434410 2.9044029 3.0707934 3.0651683 2.8983657 3.7652802 2.7298248 3.1352916 2.7983518 1.2677942 1.4175591 2.8614616 1.3168231 1.2891448 1.4091865 6.5260408 6.4894481 6.4287587 5.8785866 6.5676843 6.3438034 6.0945976 5.2591459 5.7594427 5.7497502 5.8335059 4.6542823 5.7564442 5.3525977 5.0056316 5.8534552 6.1232663 6.1083939 5.5179865 5.9961623 6.1240900 5.1904861 6.0991753 6.3473168 6.2358107 5.6365150 5.6444401 6.2762129 6.2069515 5.8342589 7.7001476 7.5624071 7.2340853 7.8753740 6.9726866 6.9384416 6.5345225 6.6551973 7.2174440 6.7755458 6.8214186 7.7291075 6.8877841 7.4200274 6.8926810 0.0166037 
BRhit__Halobacterium__UniRef90_UPI001F011AB0                               3.8701041 3.2735451 2.7403680 3.0194413 1.3189840 1.1530992 3.2786122 2.7867200 3.2864058 3.2078589 1.2361447 2.7963636 3.4345521 3.1179871 1.2452664 0.0867208 0.0000000 0.2105351 0.2723537 0.1829101 0.4128234 0.7539963 0.7648892 0.8783849 0.9642030 1.0061206 0.9045965 1.0189510 1.0269424 2.7355449 2.8771693 2.9554670 2.8949882 2.7444772 3.5226985 2.6587540 3.0066825 2.6620137 1.2962515 1.4149288 2.7403680 1.3906383 1.3288831 1.4342242 6.3678735 6.2711378 6.2520507 5.6876687 6.3606354 6.2607355 5.8693564 5.1870832 5.7473429 5.5533713 5.6462913 4.6345951 5.3584477 5.2845979 4.8983030 5.7181264 6.0254675 5.8424502 5.3933702 5.9718033 6.1588730 5.1590805 6.0911221 6.2633816 6.1293523 5.5956418 5.6386005 6.1775713 6.1151987 5.7139317 7.8532844 7.5704634 6.7595473 8.0818273 7.0074762 6.8861363 6.7189201 6.7822169 7.5561026 6.7913067 6.6389519 7.5012351 6.8317005 7.6826109 6.8169866 0.1071265 
BRhit__Haloplanus__UniRef90_A0A6B9F3P5                                     3.8634081 3.3360814 2.9633521 3.2215399 1.3250181 1.2387150 3.3350875 3.0348847 3.1915500 3.2477202 1.2192382 3.1206592 3.5058240 3.4067590 1.2795641 0.2182605 0.2105351 0.0000000 0.1743007 0.1716145 0.2374390 0.7636924 0.7964183 0.8840819 1.0070429 1.1185709 1.0112948 1.1331862 1.1596655 2.8907287 3.0628070 3.1706471 2.9739771 2.8606401 3.7634928 2.7675012 3.3217622 2.7684083 1.2613429 1.3386827 2.9633521 1.3472979 1.3349658 1.4153161 6.3188529 6.1384279 6.2854095 5.5299998 6.3905594 6.0577964 5.8962370 5.3270722 5.5566372 5.6902605 5.7540600 5.0220297 5.3349853 5.8575145 4.9485024 5.7356092 6.3964389 6.3260094 5.7383503 6.4914915 6.6141584 5.1978524 6.5071913 6.6792014 6.1103730 5.6004670 6.2785842 6.2027816 6.6975997 5.6286657 8.0973103 7.9326385 7.2923988 8.3850975 7.3145863 7.3230103 7.1208308 7.4236212 7.3359433 7.4794703 6.9631526 7.9295407 7.1728685 7.5021391 7.1238755 0.2253454 
BRhit__Haloplanus_natans__UniRef90_UPI000A5CE34D                           4.0310481 3.3581402 2.9354872 3.2416202 1.3216857 1.1621022 3.2528152 2.9677314 3.2559424 3.3208843 1.1652702 3.1813551 3.7279025 3.3758259 1.1944936 0.2601097 0.2723537 0.1743007 0.0000000 0.1786391 0.3137074 0.6586995 0.7108319 0.8246930 0.9956805 1.0812700 0.9433818 1.1943195 1.2202097 2.7465281 2.8812204 2.9715845 2.7917211 2.6944199 3.6835374 2.4631768 3.2662006 2.7189269 1.2747147 1.3510925 2.9354872 1.2888096 1.2542411 1.3192965 6.1544001 6.0097692 6.0222431 5.4115386 6.1425445 5.9176197 5.9520881 5.4544001 5.6371007 5.5948218 5.5011407 4.8870481 5.3435013 5.9449146 4.6073504 5.6362002 6.4070039 6.1660617 5.7880560 6.2205757 6.5691291 5.3373820 6.2575579 6.4046000 6.6303313 5.5239224 5.8131121 6.1260680 6.7623741 5.9797311 7.6877643 7.4186481 6.8499233 7.8090001 6.8042875 6.9124092 6.4833131 6.8803469 7.5385741 7.0601403 6.5326841 6.9884034 6.9557832 7.5795643 6.4492954 0.2680229 
BRhit__Halobaculum_rubrum__UniRef90_UPI001CA389E1                          3.8635577 3.4661187 2.9652426 3.1824228 1.3122149 1.0874098 3.4045676 2.9660223 3.3091778 3.4481048 1.2278350 3.0591800 3.5278700 3.4007017 1.1270661 0.2089825 0.1829101 0.1716145 0.1786391 0.0000000 0.2700763 0.6347865 0.7588704 0.8324584 0.8887712 1.0263022 0.8652071 1.0812380 1.1005713 2.7217756 2.8584923 3.0633568 2.9645019 2.7689377 3.7674728 2.6434878 3.1242377 2.7444861 1.2555273 1.3654248 2.9652426 1.3444608 1.3022130 1.3623649 5.7262506 5.6216621 5.7168429 5.1640874 5.8475392 5.7104896 5.3921089 5.0438988 5.5733275 5.2856473 5.4474874 4.7277293 5.3133044 5.2837237 4.6691510 5.3163517 5.7244545 5.6677943 5.4718915 5.8673453 6.3437241 4.9809723 5.9171364 6.1502824 5.8702170 5.2771714 5.8132229 5.6147662 6.4039817 5.9289043 7.3134213 6.9247795 6.4323806 7.0936433 6.1445669 6.3770232 6.0132530 6.1100079 7.4659436 6.5012321 6.1575118 6.8408803 6.9355731 7.6189435 6.3390598 0.2163428 
BRhit__Halohasta_salina__UniRef90_UPI002110EEC8                            3.7840278 3.4275495 3.0130359 3.4532328 1.1404640 1.1198840 3.3716222 3.0817519 3.5442301 3.6018930 1.0504868 3.2750494 3.7582708 3.5058197 1.2026770 0.3857482 0.4128234 0.2374390 0.3137074 0.2700763 0.0000000 0.6408637 0.9054300 0.8177922 1.0379088 1.0760942 0.9483732 1.1621436 1.1556675 2.7837178 2.9299149 2.8936978 2.8716174 2.8825041 3.6033095 2.6854049 2.8512268 2.9971539 1.1182061 1.1834739 3.0130359 1.2747195 1.1664949 1.3707307 5.4819184 5.9042983 6.0449879 5.4922021 5.8910670 5.9505939 5.8546724 5.3377390 5.8307393 6.1537098 5.9352361 5.0054576 5.1606196 5.3243414 5.2036682 5.2280115 5.8771964 5.7260125 5.7899241 6.2015975 7.5165211 5.0835310 6.6713165 6.0953103 6.6572704 5.2825008 6.4553891 6.2951869 7.0659439 5.9375538 7.8663587 7.2597997 7.4057092 7.7910047 7.0780632 7.6472951 7.0132794 7.3796495 7.3940431 6.8608632 6.6553326 7.2155554 7.0909200 7.8542467 6.9296120 0.3980678 
BRhit__Halobacteriales_archaeon_QS_8_69_26__UniRef90_A0A2R6JS63            3.9885264 4.0267837 3.4032382 3.6358126 1.6174003 1.1716348 4.0128315 3.2370756 4.1022919 3.7956325 1.3902888 3.8029348 4.3150467 3.6654141 1.2408705 0.7292171 0.7539963 0.7636924 0.6586995 0.6347865 0.6408637 0.0000000 0.7219166 0.7487981 0.9932048 1.1863571 1.1061667 1.2246321 1.1937957 3.0545359 3.1866722 3.3633430 3.4396845 3.1834807 4.3992397 3.1523299 3.6155154 3.3060627 1.4873911 1.5902687 3.4032382 1.6504987 1.4664449 1.7204375 5.1905080 4.9765996 5.0872327 4.8941019 5.1775468 5.0240595 5.0854202 5.2531556 5.4804387 5.4859994 5.3876660 4.9231565 5.1546124 5.0321332 4.5813078 5.1312709 6.2221507 6.1018551 5.8770341 6.2489261 6.1809926 4.9622516 6.5854468 6.2035697 6.0130920 5.3244971 6.0489342 6.0373309 6.1434040 5.8863955 7.9285238 7.8502613 7.8201682 8.2444608 7.5960076 7.9870959 7.1199347 7.8573497 6.8466480 7.5878725 6.8037620 7.7041487 6.8785386 7.1327533 6.9553445 0.7551227 
BRhit__Uncultured_archaeon__UniRef90_I1X958                                3.8026167 3.5432850 3.0500643 3.2208641 1.5795969 1.3218303 3.1257479 2.6195629 3.2411322 3.4283754 1.3674329 3.0875063 3.8068660 3.2173506 1.3921150 0.7779983 0.7648892 0.7964183 0.7108319 0.7588704 0.9054300 0.7219166 0.0000000 0.8057217 0.9556482 1.2364799 1.0648608 1.3321780 1.2979251 2.9581339 2.9932083 3.2736198 3.3555430 3.1001353 3.6829169 2.9445023 3.4905125 2.9777244 1.4645242 1.5862369 3.0500643 1.6304491 1.5762714 1.6025397 5.6082136 5.4389040 5.4724135 5.0889042 5.9534749 5.3236850 5.1275306 4.5610890 5.2072138 5.3306990 4.9988662 4.3377194 4.9419016 4.6391059 4.5584240 5.1481311 5.6052748 5.4669322 5.3291854 6.0658216 6.2780849 5.1671362 5.6409802 6.4585608 6.0573949 5.1412703 4.9791938 5.9049863 5.9204655 5.4085743 7.1287805 7.3538779 6.9514613 7.7856168 6.9069053 7.3797519 7.0757090 7.1876446 7.4833809 7.7576562 6.8049084 7.8732976 7.2144253 7.5453720 7.3642856 0.8046055 
BRhit__Halorientalis_regularis__UniRef90_A0A1G7RA78                        3.4514089 3.7792248 3.1599581 3.2964786 0.9686243 0.9307736 3.3696438 2.9750108 3.4040293 3.1159108 0.9550628 3.2424807 4.3538751 3.4363667 1.0008450 0.8990151 0.8783849 0.8840819 0.8246930 0.8324584 0.8177922 0.7487981 0.8057217 0.0000000 0.8858961 0.8752665 0.6674338 0.9873212 0.9594464 2.7009807 2.7927270 3.0864387 2.9251088 2.8371656 3.5404773 2.9780336 2.9324312 2.8457588 1.0484282 1.2129074 3.1599581 1.3707577 0.9715762 1.2976858 5.7854222 6.0388370 6.0856387 5.7173352 6.4302585 6.0867661 5.3058619 5.4646958 6.2043161 6.0298085 5.6222120 5.0522534 5.5908485 5.6273582 5.0946922 5.2653042 6.3824149 6.1483638 6.5817430 6.5551997 6.2632508 6.1560729 6.2968411 6.4190311 5.7948005 6.1324344 5.8659623 6.4163161 6.1374310 6.3719493 8.8674937 8.9999988 8.9999982 8.9999987 8.9999989 8.9999983 8.9667684 8.9999988 8.2265951 8.9999988 8.9999986 8.2442713 8.5039821 8.8389886 7.6690162 0.9144477 
BRhit__unclassified_Halobacteriales__UniRef90_A0A2R6LDY7                   3.6281544 3.4723153 3.1993554 3.2962057 1.4839599 0.9209230 3.5702287 3.3274953 3.5712505 3.6386657 1.2899513 3.4009686 3.7318572 3.6702793 0.9591206 0.9944230 0.9642030 1.0070429 0.9956805 0.8887712 1.0379088 0.9932048 0.9556482 0.8858961 0.0000000 0.7880447 0.8646287 0.8570019 0.9461967 2.3257493 2.4027102 2.7640968 2.7537883 2.5368930 3.2275163 2.8910707 2.5833645 2.5395222 1.3744934 1.5229462 3.1993554 1.4178504 1.3114669 1.4895974 6.5991252 6.8537711 6.9522775 6.1164035 6.8789352 6.6849596 6.7907310 6.3253963 6.0455057 6.5880179 6.7390801 5.8802922 5.5488978 6.0173506 5.3926493 5.8676091 6.4090435 6.1928000 6.9011098 7.7186017 6.6537518 5.6455830 6.8347031 8.0009996 7.0156132 6.5326128 6.2433710 6.9994813 6.3586012 7.1201745 7.3141607 7.1381545 7.9452706 7.8631016 8.2565105 7.7581317 7.1583780 7.6923569 7.7783419 7.3982124 6.8508895 7.2057880 7.6205700 7.8304468 6.4283695 1.0146732 
BRhit__uncultured_archaeon_A07HR67__UniRef90_V4ZQH6                        3.2344833 3.2532141 2.6968035 3.0856861 1.2218654 0.2477269 3.1872747 2.7285107 3.1832765 3.1897342 1.1234145 2.8598668 3.5258839 3.1233645 0.2538560 0.9987960 1.0061206 1.1185709 1.0812700 1.0263022 1.0760942 1.1863571 1.2364799 0.8752665 0.7880447 0.0000000 0.9050081 0.1444439 0.2088260 2.6554270 2.7702939 2.8588808 3.1190663 3.0523236 3.8211189 3.2492611 3.0736686 3.0068293 1.2404855 1.3675246 2.6968035 1.2974561 1.1220878 1.3809740 5.4144931 5.7656704 5.7483887 5.4335824 6.0274666 5.6929780 5.7601849 4.6633433 5.3810943 5.3103831 5.2208623 5.1700154 5.2839851 4.9448293 4.6924914 5.3474908 5.5999289 5.2307751 5.7623100 7.1981522 5.9652128 5.3399827 5.8047045 7.2715209 6.0232473 6.0154198 5.6194831 6.1629434 6.2477432 6.4324788 7.0594117 7.1481478 7.2963503 7.7806282 7.5171453 8.2518489 7.2323465 7.7577526 6.3358177 7.6245951 7.5560002 7.0170728 6.8667114 6.8600742 6.4989588 1.0369901 
BRhit__Halobaculum_sp_MBLA0143__UniRef90_UPI00352426DC                     3.2222370 2.9734573 3.0839872 3.2317582 1.0833428 0.9430370 3.2085259 2.7022801 3.2538833 3.1475970 1.0024677 3.1314762 3.6611258 3.2558645 0.9649648 0.9372873 0.9045965 1.0112948 0.9433818 0.8652071 0.9483732 1.1061667 1.0648608 0.6674338 0.8646287 0.9050081 0.0000000 0.9307061 0.8989905 2.3499885 2.4578733 2.7605520 2.5818687 2.6105506 2.8359696 2.5535943 2.4511773 2.7308883 1.1587767 1.2513982 3.0839872 1.2854991 1.0229101 1.2931859 5.2231084 5.6635150 5.4315069 5.3926745 5.3774749 5.3259919 5.2232579 5.4744228 5.6572679 5.6235748 5.5895351 4.8376431 5.2053253 5.5547145 5.0904089 5.6663911 5.5623084 5.3165738 6.4030192 6.4816546 6.4821503 5.7262734 5.7264423 6.3939676 5.8268787 5.5458016 5.4635111 6.2973485 6.3795828 6.3188177 7.7790684 6.9688004 8.0707685 8.7858939 7.8780186 8.7803130 7.6039080 8.4711695 6.5074167 7.5711080 7.5935114 7.5513352 7.3105721 7.0517375 7.6811878 0.9642539 
BRhit__Halorubrum__UniRef90_A0A4U7F7H9                                     3.1395747 3.0956841 2.6476960 2.9967503 1.2919121 0.2267926 3.2878208 2.5636678 3.3062013 3.3395600 1.1693761 2.8667042 3.4184947 3.1053700 0.2531192 1.0428052 1.0189510 1.1331862 1.1943195 1.0812380 1.1621436 1.2246321 1.3321780 0.9873212 0.8570019 0.1444439 0.9307061 0.0000000 0.1492860 2.6292892 2.7074333 2.7115284 3.1327601 2.8579281 3.7505172 3.1682500 3.2100966 2.8439342 1.2975225 1.3831604 2.6476960 1.3953943 1.2351159 1.4173569 6.1142251 6.8249731 6.7942945 6.2365643 6.9089336 6.5137499 6.6206539 5.1348467 6.1105062 6.0403767 6.1000211 5.5160265 5.8435407 5.3709060 5.2921178 5.9597501 6.2286831 5.7612318 5.9978086 7.4516774 6.8259680 5.6281310 6.4154816 7.7516307 6.7422001 6.5830280 6.1558426 6.5895016 6.8504481 7.3110333 7.2599800 7.5299702 7.3257759 7.5634849 7.6586267 8.3373849 7.3431897 7.9670867 6.4398378 7.6571133 7.5500251 7.6116610 7.2416662 7.0434034 7.2917606 1.0636802 
BRhit__Halobacteria__UniRef90_P69051                                       2.9258145 3.0988807 2.6585376 3.0659371 1.2244910 0.1754022 3.2952141 2.5404765 3.3452173 3.3498362 1.1250484 2.7526635 3.4497624 3.1614379 0.3303751 1.0629384 1.0269424 1.1596655 1.2202097 1.1005713 1.1556675 1.1937957 1.2979251 0.9594464 0.9461967 0.2088260 0.8989905 0.1492860 0.0000000 2.6195332 2.7330242 2.7770833 3.0993342 2.9543064 3.6847793 3.2993057 3.1428663 2.7728136 1.2755929 1.3177496 2.6585376 1.3477835 1.1884827 1.3371122 6.3012773 6.2712695 6.2309494 6.2279932 6.3457408 6.0227056 6.2920754 5.2129166 5.9747519 5.7974563 5.6243624 5.4500700 6.2723437 5.4512099 4.9814093 6.0532060 6.3106363 6.0183576 5.9134880 7.4146375 6.9936017 6.0243864 6.3447325 7.3486218 6.5289131 6.2230451 6.2596935 6.6320365 7.1386823 6.8837407 7.3553066 7.6848243 7.3675891 7.5179431 7.5794362 8.1971153 7.2273930 8.1597366 6.4488934 7.6362478 7.5963120 7.5933230 7.1845628 6.8397247 7.2940996 1.0841826 
GCyR2hit__Nostocales__UniRef90_A0A252D874                                  3.0367653 2.3399530 1.9170556 2.1418754 2.5001802 2.5067286 2.4280362 2.2182485 2.4147685 2.2643951 2.2388974 2.1656694 2.7045547 2.1568079 2.6897980 2.8434410 2.7355449 2.8907287 2.7465281 2.7217756 2.7837178 3.0545359 2.9581339 2.7009807 2.3257493 2.6554270 2.3499885 2.6292892 2.6195332 0.0000000 0.1367986 0.3476347 0.5326242 0.7364330 0.7629041 0.7485058 0.8758243 1.0779151 1.8929588 1.9102756 1.9170556 1.9015298 1.8300890 1.9272509 6.0732916 5.7149217 5.7736992 5.7321938 6.3094910 5.5236216 6.3348627 5.6815383 5.6655110 5.1919787 5.3302103 5.3568919 6.3185656 5.8226266 5.0782799 6.4533055 7.6788983 7.2624440 6.7109787 6.9722746 6.8661630 6.4775953 5.7779655 7.5216719 5.7937881 5.9379831 6.4210569 7.0694561 6.7757893 6.1154948 7.4482551 7.7057550 6.9175676 7.6921406 6.9773945 7.0983646 7.3127992 7.3040659 6.0172871 6.3531813 7.1787846 6.6555226 6.0968826 6.4060496 7.1073054 2.9071260 
GCyR2hit__Tolypothrix_bouteillei_VB521301__UniRef90_A0A8S9SVI8             3.0573226 2.4659603 1.9682887 2.1739820 2.4104604 2.6510258 2.3758583 2.3504582 2.3911269 2.3586050 2.2324020 2.1909379 2.9018649 2.2231295 2.7894942 2.9044029 2.8771693 3.0628070 2.8812204 2.8584923 2.9299149 3.1866722 2.9932083 2.7927270 2.4027102 2.7702939 2.4578733 2.7074333 2.7330242 0.1367986 0.0000000 0.3463258 0.4928743 0.7455178 0.7804323 0.7548937 0.8956564 1.0391883 1.8769534 1.9644025 1.9682887 1.9966059 1.8657117 2.0008044 7.0779107 6.3539476 6.4980911 6.4381550 7.1702777 6.2092869 7.1476143 6.7348862 6.1590154 6.0056845 6.1962204 6.1208353 7.6702910 6.7294503 5.8672246 7.4399250 8.9103728 8.4055290 7.4400229 7.3204022 6.8747137 7.6616783 6.4098802 8.0174358 6.2965019 6.6284833 6.7960592 7.7952260 6.8304349 6.8510044 7.9138898 8.7191344 7.5490514 8.0559932 8.1385071 7.7608656 8.0375014 7.9678384 6.3219935 7.0713691 7.6820071 7.2456281 6.5401314 6.8381410 7.7570274 2.9695992 
GCyR2hit__Nostoc_sp__UniRef90_UPI002FFB8FFD                                2.8724906 2.5625931 2.0927689 2.3132007 2.6940644 2.7109209 2.5983994 2.3518025 2.6096122 2.3531672 2.5418004 2.4178741 3.0991020 2.1986405 2.9029846 3.0707934 2.9554670 3.1706471 2.9715845 3.0633568 2.8936978 3.3633430 3.2736198 3.0864387 2.7640968 2.8588808 2.7605520 2.7115284 2.7770833 0.3476347 0.3463258 0.0000000 0.5363125 0.7845284 0.7349967 0.6728352 0.8652834 1.0793914 2.0450602 2.1118189 2.0927689 2.0738148 2.0424084 2.1384913 7.4930777 7.0804455 7.1081343 7.5514019 7.6419398 6.8326219 7.3671026 6.5033027 6.4592506 6.0715890 6.0992438 5.9575807 6.7390309 6.6253812 5.5886191 7.3932030 8.4169521 7.9893440 7.6661449 7.4270222 7.8841184 8.3756260 6.7991656 7.8917164 7.0152815 7.0007669 7.2903048 8.5240837 7.8847345 7.2793361 7.9112082 7.7666434 7.3156464 8.3041039 7.4483031 7.6425871 7.3926125 8.0631135 6.3302164 6.5477645 7.5854846 7.0127855 6.4408715 6.3889822 7.2763657 3.1423190 
GCyR2hit__Tolypothrix_sp_NIES_4075__UniRef90_A0A218QMM7                    3.0016844 2.6480134 2.2567138 2.4803040 2.6500486 2.9779339 2.6072080 2.4755583 2.4958470 2.3126265 2.7877966 2.4508157 3.0667941 2.4039302 3.2237864 3.0651683 2.8949882 2.9739771 2.7917211 2.9645019 2.8716174 3.4396845 3.3555430 2.9251088 2.7537883 3.1190663 2.5818687 3.1327601 3.0993342 0.5326242 0.4928743 0.5363125 0.0000000 0.9329253 0.6197435 0.8748245 0.7423977 0.9198841 2.3513869 2.4870351 2.2567138 2.3282173 2.2197173 2.2160129 6.4021700 6.8948494 7.2084657 6.5006228 7.3806227 6.9086682 7.6230146 6.3168595 6.2143784 6.0061576 6.0204046 6.7663884 7.3073681 6.9235901 6.1177303 8.4219698 8.9999981 8.8298791 8.2731239 7.5639906 8.2543253 8.5583013 6.8768004 8.2582352 7.5427113 7.2310970 7.3690992 8.9999987 8.5323573 7.1557080 8.9999989 8.9999984 8.9999988 8.9999984 8.9999989 8.5418269 8.8296322 8.9999988 7.8233867 8.6713708 8.0692071 8.1099648 8.2570356 7.9188038 7.7604067 3.1371990 
GCyR2hit__Pleurocapsa_sp_FMAR1__UniRef90_UPI0029C671DC                     2.8586932 2.4488564 2.3984973 2.4015046 2.3850791 2.9066269 2.3672677 2.2793146 2.4198955 2.1512670 2.2198261 2.2819670 3.2091222 2.3064623 3.0101655 2.8983657 2.7444772 2.8606401 2.6944199 2.7689377 2.8825041 3.1834807 3.1001353 2.8371656 2.5368930 3.0523236 2.6105506 2.8579281 2.9543064 0.7364330 0.7455178 0.7845284 0.9329253 0.0000000 1.2172663 0.8911873 1.2432574 1.0904611 1.9031929 1.9256459 2.3984973 2.0405825 1.9467040 1.9273492 6.8069092 6.1585687 6.2908894 5.8167083 6.4651316 5.9682810 6.1927087 6.4865370 6.5710208 5.4118434 5.6936353 5.8098329 6.6115531 6.3285836 5.4314130 7.0107373 7.5843927 7.4772387 7.2808762 6.9368632 6.6536452 7.2043132 5.9988752 7.8038983 6.1240288 6.8529500 6.3935155 6.7653750 5.9146706 7.0251147 7.0459046 7.2457154 7.1447362 7.4038766 6.9728203 7.6077862 7.6336224 7.4333096 6.0779365 6.6026141 7.3075918 5.9693931 6.1921958 6.2887528 6.3587494 2.9648453 
GCyR2hit__Nostocaceae_cyanobacterium__UniRef90_A0A838VMV4                  3.0281552 2.7628736 2.5240716 2.6311712 2.8386793 3.4945422 3.0248683 2.7807087 3.1642625 2.7554448 2.7117152 2.7090756 3.3760284 2.5738628 3.9725042 3.7652802 3.5226985 3.7634928 3.6835374 3.7674728 3.6033095 4.3992397 3.6829169 3.5404773 3.2275163 3.8211189 2.8359696 3.7505172 3.6847793 0.7629041 0.7804323 0.7349967 0.6197435 1.2172663 0.0000000 1.0816748 1.1844621 1.1195088 2.5234862 2.7215723 2.5240716 2.5448333 2.5529692 2.5454629 7.5957243 8.0001163 8.0500439 7.5210335 8.0926763 7.5183516 8.2076130 6.8830062 7.4605539 6.2677395 6.2873272 6.1833785 7.0361670 7.0531403 6.3695233 7.6765261 8.3616691 8.7267628 8.9999984 7.7292550 8.6843148 8.9999984 6.7406517 7.9372420 8.7042787 8.0087165 7.6493377 8.9999989 8.3173647 8.0831589 8.9999990 8.9999990 8.9999982 8.9999988 8.9999984 8.5278568 8.5867057 8.9999985 8.3666293 8.4454457 8.0305722 8.8607392 8.5248168 8.2394896 8.0667428 3.8636454 
GCyR2hit__Phormidesmis_priestleyi__UniRef90_UPI0009442622                  3.0503873 2.6943520 2.3276324 2.3863350 2.3860587 3.0607651 2.4570509 2.3300226 2.5103364 2.5082262 2.2092009 2.4604202 3.0283609 2.2998834 2.9456483 2.7298248 2.6587540 2.7675012 2.4631768 2.6434878 2.6854049 3.1523299 2.9445023 2.9780336 2.8910707 3.2492611 2.5535943 3.1682500 3.2993057 0.7485058 0.7548937 0.6728352 0.8748245 0.8911873 1.0816748 0.0000000 1.1485574 1.2379360 1.9755408 2.1028731 2.3276324 2.1807337 2.0515027 1.9271284 6.8909282 7.0022636 6.8841729 6.5603873 7.4692157 6.6410033 7.1050431 6.0387955 6.1938904 5.2252440 5.1714839 6.0703535 6.2874488 6.2625534 5.4520548 6.5882211 8.1509625 7.6400088 7.2125283 7.2874936 7.1221374 7.0738531 5.8350871 7.8798495 5.8047871 6.3661201 6.2833480 6.8387846 7.4072427 6.4427475 8.2498686 7.8413013 8.0444419 7.9674013 7.6039955 7.5513682 8.0228346 7.9527751 6.6759934 7.2264583 7.9908714 7.5383739 6.8925149 6.9526081 7.9839735 2.7912079 
GCyR2hit__Pseudanabaenaceae_cyanobacterium_LEGE_13415__UniRef90_A0A928V9X3 2.9648107 2.7677108 2.5193644 2.5702664 2.7150781 3.0077048 2.7369232 2.5822786 2.6090499 2.6538524 2.6838650 2.5457750 3.4214885 2.5427430 3.2112715 3.1352916 3.0066825 3.3217622 3.2662006 3.1242377 2.8512268 3.6155154 3.4905125 2.9324312 2.5833645 3.0736686 2.4511773 3.2100966 3.1428663 0.8758243 0.8956564 0.8652834 0.7423977 1.2432574 1.1844621 1.1485574 0.0000000 1.2953285 2.2946733 2.4395639 2.5193644 2.2539658 2.1898926 2.1909724 5.3626818 6.0107426 6.2104948 5.6306657 6.0651325 5.8417429 7.0209675 5.7475470 5.9152097 5.4581993 5.6147845 5.5093637 6.2250265 5.4105199 5.2740993 6.2451061 7.3784400 7.4557820 7.5116613 6.4536396 6.7647935 6.9910900 5.3699278 6.8701898 6.8206598 5.5709401 5.8436273 6.9860051 7.0340692 5.9051559 7.5864540 8.0858105 7.6530205 7.8267020 8.0012328 7.4668452 7.7222630 7.3631801 7.8490778 6.7359605 6.6274735 7.2856224 7.4957728 7.5695565 6.9366293 3.2091363 
GCyR2hit__Cyanobacteria_bacterium_QH_9_48_43__UniRef90_A0A2T2RN81          2.4838110 2.5059273 2.1443816 2.4189633 2.4340449 2.8228219 2.4873636 2.3932909 2.4296638 2.3639341 2.4141146 2.4688580 3.0015814 2.4409335 3.0736811 2.7983518 2.6620137 2.7684083 2.7189269 2.7444861 2.9971539 3.3060627 2.9777244 2.8457588 2.5395222 3.0068293 2.7308883 2.8439342 2.7728136 1.0779151 1.0391883 1.0793914 0.9198841 1.0904611 1.1195088 1.2379360 1.2953285 0.0000000 1.9781516 1.9983655 2.1443816 1.9778410 2.0456285 2.0416640 6.7307804 6.6894847 6.5876290 6.6759061 6.7815814 6.2925071 6.4575068 5.8361747 6.6430732 5.8257516 6.0737181 6.3919100 6.9797231 6.1507786 6.0841220 7.3604934 8.2028168 8.6987986 8.0702490 8.0633157 8.6008245 8.3322192 7.3641746 8.6479421 8.3750342 6.7760797 7.7215276 8.4744740 8.6563193 6.7763238 8.7824256 8.9999981 8.2907980 8.9999989 8.9999989 8.7383250 8.8030078 8.9999988 7.0774437 8.1367920 8.9999982 8.7995864 8.0370639 7.9545284 8.3762488 2.8642023 
GCyR2hit__Halegenticoccus_tardaugens__UniRef90_UPI00100C2973               2.9643165 3.0176823 2.4667854 2.5754361 0.6348760 1.2409091 2.6025749 2.7261536 2.6910004 2.5938929 0.7489863 2.7615665 2.8549718 2.5644411 1.4027908 1.2677942 1.2962515 1.2613429 1.2747147 1.2555273 1.1182061 1.4873911 1.4645242 1.0484282 1.3744934 1.2404855 1.1587767 1.2975225 1.2755929 1.8929588 1.8769534 2.0450602 2.3513869 1.9031929 2.5234862 1.9755408 2.2946733 1.9781516 0.0000000 0.2364082 2.4667854 0.2612167 0.2546067 0.2468186 5.2650479 5.5638711 5.6360379 5.7254919 5.4516469 5.2629024 5.8066167 4.9382350 5.5997867 5.3067234 5.4909564 4.8861187 5.3744868 5.0702773 4.5121032 5.3862929 6.6174949 6.3632098 5.9146315 5.9041743 6.5583472 6.0184383 5.6587248 6.0660592 5.7682143 5.3901970 6.2033361 5.8661674 6.6045660 5.6628172 7.7538794 7.5371571 7.5455980 7.8268405 7.6425602 7.6349250 7.8549225 7.7119942 6.9168955 7.4045094 7.5708953 7.1618480 7.5338153 7.7186046 7.4923576 1.2938731 
GCyR2hit__Haloferax_mucosum_ATCC_BAA_1512__UniRef90_M0IDG5                 3.1212954 3.1403616 2.7192101 2.8193235 0.6961474 1.3750835 2.8682872 2.9887967 2.9400105 2.8237079 0.7559289 2.8861987 2.9784698 2.9657121 1.4873067 1.4175591 1.4149288 1.3386827 1.3510925 1.3654248 1.1834739 1.5902687 1.5862369 1.2129074 1.5229462 1.3675246 1.2513982 1.3831604 1.3177496 1.9102756 1.9644025 2.1118189 2.4870351 1.9256459 2.7215723 2.1028731 2.4395639 1.9983655 0.2364082 0.0000000 2.7192101 0.3247799 0.2523356 0.3819335 6.2671889 6.6916497 6.2616092 6.5750784 6.1783416 6.1113426 6.3462431 5.8103581 6.6375353 5.8367350 5.9356570 5.5388119 6.4029383 5.8133702 5.3778704 5.8033734 7.2791278 6.8025458 6.3808707 7.0474304 8.6378433 6.6957838 7.7472702 7.4262941 7.3536808 6.2659878 7.0534551 7.1482588 8.9453474 6.3001875 8.2095095 8.4774089 7.8714222 8.5611193 8.1750187 8.6490424 8.7197777 8.6143231 7.5404725 7.5210552 8.3412943 7.8156200 8.5149385 8.4728257 8.3535580 1.4461014 
