90
UniRef90_UPI0035946169 0.0000000 0.4031295 0.5892612 0.7027084 0.6207326 0.8587458 0.7170653 0.6809429 0.8148874 0.7634929 0.8958941 1.0561562 0.9597439 0.9757045 0.9028271 1.0449547 1.0335252 0.7169757 1.0861314 1.0388810 1.0337627 0.9440422 1.0161294 1.2585176 1.0224848 1.0630877 1.1196132 1.3021841 1.2659660 1.2198606 1.1753702 1.1445439 1.2563178 1.1783154 1.3391765 1.2544180 1.2607244 1.1993955 1.4016207 1.0895794 1.3396895 1.1034938 1.0777395 1.2852171 1.3621458 1.3907073 1.2792321 1.2693661 1.0998980 1.2497105 1.2526220 1.2796974 1.3828024 1.1585611 1.2670243 1.4416593 1.3054463 1.2180712 1.1766865 1.4090820 1.2934476 1.3659556 1.3420387 1.2009836 1.2948724 1.3724860 1.3585652 1.2158205 1.3559717 1.3462415 1.2211261 1.3454760 1.4341314 1.1618406 1.3509738 1.1046137 1.3762739 1.1085553 1.2686697 1.1994532 1.3349504 1.3399375 1.3105023 1.1706335 1.3109960 1.3231712 1.2564795 1.3859776 1.2542231 1.3343072 
UniRef90_UPI003592F9D2 0.4031295 0.0000000 0.6693701 0.7223132 0.7326126 1.0063499 0.7762746 0.7467450 0.8758930 0.8124466 0.9092293 1.1597584 1.0568637 0.9837806 0.9684628 1.0875961 1.0571654 0.8242197 1.3677370 1.0625892 1.1211615 0.9375931 0.9540184 1.3613039 1.0147490 1.1422530 1.2444781 1.3338666 1.4290213 1.3086449 1.1299789 1.2224096 1.2819150 1.2625014 1.3635815 1.3285394 1.3242265 1.2337177 1.3164594 1.1880464 1.6160883 1.2160790 1.1458518 1.2892223 1.3557351 1.2428613 1.3076392 1.2438227 1.0998405 1.2585022 1.3024261 1.3150166 1.5962063 1.2076538 1.2496416 1.5115509 1.4195675 1.2659294 1.2005173 1.3512765 1.2033373 1.2458829 1.1974774 1.2586180 1.5674208 1.3690731 1.2971745 1.3575009 1.3641231 1.3065795 1.2685087 1.2548809 1.4211546 1.3266709 1.3010994 1.1512290 1.2291457 1.1808017 1.3481084 1.2156465 1.3475561 1.2916384 1.2732135 1.2185209 1.2798859 1.2415520 1.1162832 1.3418425 1.2707588 1.3455663 
UniRef90_U9W0I1        0.5892612 0.6693701 0.0000000 0.6707266 0.2559103 0.9610550 0.3503991 0.6376451 0.7107614 0.8413504 0.9374653 0.9997126 1.0184218 1.0131119 0.9307433 0.9773268 1.0768272 0.6792128 1.0040590 0.9478157 1.0501813 0.9119380 0.9811186 1.1431705 1.1387609 1.0010688 1.0322084 1.3733250 1.1795998 1.1759141 0.9655746 1.1530190 1.3488946 1.3187314 1.2097066 1.3032068 1.3018459 1.2848225 1.4744104 1.1760457 1.3316552 1.0361852 1.1992386 1.1505727 1.3208243 1.2249707 1.2041258 1.2583159 0.9623759 1.2480410 1.2183653 1.2179131 1.1832532 1.0745079 1.4700331 1.3191947 1.4516942 1.3511987 1.1985905 1.3433032 1.2350655 1.2196851 1.2615560 1.2754302 1.1902447 1.3205086 1.3168885 1.3699671 1.3477746 1.3440485 1.1672919 1.2573827 1.4150594 1.2912442 1.3017686 1.2774042 1.2734648 1.2265419 1.1931929 1.1798159 1.3455714 1.3339046 1.2357246 1.2787405 1.2434195 1.3685161 1.2270767 1.3515719 1.3381180 1.3321075 
UniRef90_A0A8J7JTD9    0.7027084 0.7223132 0.6707266 0.0000000 0.6635709 0.6726178 0.6750642 0.6486891 0.8344255 0.9550190 0.9913462 1.1399794 1.0054875 1.1344415 1.0210170 1.1007594 1.1271095 0.6418224 1.2030274 0.9742340 1.0510981 0.9698322 1.0779075 1.1909379 1.1199381 1.1969796 1.3688364 1.2395696 1.3580061 1.2092792 1.1939789 1.3012875 1.3452573 1.3962193 1.3019795 1.4079068 1.5324050 1.3165501 1.4289018 1.1324760 1.4810606 1.1416766 1.3287423 1.3990587 1.3893399 1.5107005 1.4586579 1.4087163 1.1316423 1.4805037 1.2764803 1.4692680 1.2976225 1.3865805 1.4231553 1.4258144 1.4107220 1.2857766 1.3744054 1.4804829 1.4253764 1.3128942 1.3497725 1.3331494 1.4105393 1.3708221 1.5066848 1.2986813 1.6547090 1.4519048 1.3482142 1.5832235 1.3919874 1.4470850 1.4817144 1.2679399 1.3762910 1.2767840 1.3106318 1.3169919 1.4192218 1.4417208 1.3909657 1.3668545 1.4729734 1.4046082 1.3802821 1.4262793 1.3413748 1.3246844 
UniRef90_K8GTY7        0.6207326 0.7326126 0.2559103 0.6635709 0.0000000 0.7407589 0.3065752 0.6546078 0.6848608 0.7516834 0.9415028 0.9490756 1.0099478 1.0338474 0.9954245 0.9817870 1.0830663 0.6609977 0.9588955 0.9405351 0.9725674 0.9434721 0.9669338 1.1156104 1.1469980 0.9262993 1.0434817 1.2491970 1.1201167 1.2136395 1.0195281 1.2676529 1.1629046 1.5240512 1.1060721 1.3296202 1.1797472 1.2077645 1.4191766 1.0653671 1.2346994 1.1486435 1.3225881 1.3149346 1.3059220 1.2972801 1.1913640 1.3124392 0.9687310 1.2052235 1.3245926 1.1813559 1.1665351 1.2194824 1.4102623 1.3512449 1.2339344 1.3334083 1.1954446 1.3463039 1.2917338 1.1801247 1.2867141 1.1975238 1.2630290 1.1734056 1.3255224 1.3044537 1.3756261 1.3798525 1.1924573 1.3770242 1.4463782 1.3511025 1.2792223 1.2230325 1.3090040 1.1912789 1.1999424 1.1671813 1.3047175 1.3221827 1.3014823 1.2334145 1.1981986 1.3438444 1.2502878 1.3238460 1.2282384 1.3212334 
UniRef90_K9YEI2        0.8587458 1.0063499 0.9610550 0.6726178 0.7407589 0.0000000 0.8371684 0.5133351 1.0758033 0.8852194 1.1836087 1.2106153 1.1902085 1.1834429 1.0670582 1.2604390 1.1333593 0.4618946 1.3148942 1.1443529 1.3247443 1.1757390 1.1827091 1.3183499 1.2938716 1.2160544 1.3224969 1.3383590 1.4180945 1.4541631 1.5543618 1.5716295 1.3139423 1.6483641 1.4183292 1.4116503 1.3878025 1.2987069 1.4307632 1.2230813 1.5883123 1.2122503 1.4239832 1.3987977 1.5721733 1.3918524 1.3934185 1.3895669 1.2494679 1.4012014 1.4345569 1.2832625 1.5476090 1.6441995 1.6449019 1.5711335 1.3551398 1.3479183 1.3264050 1.3844615 1.3227789 1.3125514 1.3830774 1.2453155 1.4324442 1.3981949 1.3915670 1.5617385 1.4416531 1.4302823 1.5601467 1.4617864 1.5941462 1.4559196 1.3643333 1.3247447 1.3652290 1.3535028 1.2069673 1.2023569 1.3702477 1.3807156 1.4708707 1.3271078 1.3688034 1.4281956 1.3085151 1.3902863 1.4593237 1.4799719 
UniRef90_A0A6H2NHV9    0.7170653 0.7762746 0.3503991 0.6750642 0.3065752 0.8371684 0.0000000 0.6621070 0.6858438 0.8410590 0.9353691 0.9481872 0.9223219 1.0101129 0.9214803 1.0627584 1.0185654 0.7192553 1.0003543 0.8829710 0.9934977 0.8966409 1.0154227 1.0460787 1.1978438 1.1496938 1.1270863 1.3315710 1.1403551 1.3529250 0.9833051 1.3238323 1.1424428 1.4103094 1.2548008 1.3721302 1.2124682 1.2423251 1.3871990 1.1479089 1.2562024 1.1178845 1.3568044 1.2455536 1.4206204 1.3981523 1.2571370 1.1613202 0.9618052 1.2493328 1.4399933 1.3017320 1.1937709 1.2646297 1.4541582 1.3015356 1.2097772 1.3261072 1.1627324 1.2783443 1.2762570 1.1765012 1.2114617 1.3169277 1.2486053 1.2254295 1.4502408 1.3622604 1.4245201 1.3235666 1.2473875 1.4231027 1.5823464 1.2926713 1.3105500 1.1968030 1.3020136 1.1582932 1.2257741 1.2275416 1.2439649 1.4282179 1.3676701 1.4084139 1.2934800 1.4027104 1.2392985 1.3882913 1.2273698 1.4855543 
UniRef90_A0A845YHD9    0.6809429 0.7467450 0.6376451 0.6486891 0.6546078 0.5133351 0.6621070 0.0000000 0.9116773 0.8476516 1.1225665 1.0835415 1.0520876 1.2243798 0.9609767 1.1131307 1.0320491 0.4055045 1.1859623 0.9259861 1.0860216 1.0389776 1.0456484 1.2128134 1.1164203 1.0782081 1.1126699 1.3536234 1.1836711 1.4257244 1.2927386 1.3891390 1.1853802 1.3717085 1.2710194 1.2661448 1.3868293 1.2337750 1.3197747 1.3015605 1.4248013 1.0624229 1.2033597 1.2625198 1.5161025 1.4311483 1.3447198 1.3877873 1.0737584 1.4900584 1.4512458 1.5212136 1.3725850 1.3590735 1.4823530 1.3868992 1.2648203 1.2505892 1.1096451 1.5216770 1.4386166 1.2984706 1.3368091 1.2916027 1.3458827 1.3408082 1.4599390 1.4129266 1.7517950 1.4967886 1.3615363 1.5529708 1.6012702 1.2966508 1.3966318 1.1833259 1.4362274 1.2543417 1.1565582 1.3079102 1.2686233 1.5349304 1.5095032 1.3635044 1.4817045 1.3510226 1.2894987 1.4659212 1.4423797 1.4957301 
UniRef90_A0A172TD44    0.8148874 0.8758930 0.7107614 0.8344255 0.6848608 1.0758033 0.6858438 0.9116773 0.0000000 0.6801104 0.8155721 0.8184493 1.0154223 0.8125822 1.0161303 0.9551751 0.9619002 0.9196157 0.9406994 1.0058980 0.8364684 0.9779704 1.0428936 0.9028109 0.9616949 1.0461321 0.9339502 1.1052097 1.0502586 1.1605290 0.8653897 1.0418097 1.0311432 1.2396218 1.0693594 1.2781638 1.1461959 1.0621181 1.3920050 1.0669222 1.2712619 0.9547366 1.2966089 1.0673886 1.2149495 1.1624322 1.0961561 1.1370027 1.0098696 1.2313316 1.1240293 1.1744198 1.2043054 1.1793889 1.3283531 1.2468727 1.0515566 1.2207874 0.9723116 1.3122901 1.1854310 1.2390794 1.1682907 1.0704494 1.2297912 1.0894679 1.2935449 1.1564301 1.2384698 1.2965698 1.1426589 1.3196368 1.2094533 1.1509864 1.2674933 1.0345323 1.2369700 1.0647581 1.1639793 1.1965385 1.0575709 1.3185910 1.2788474 1.2393956 1.2103289 1.2222316 1.2432027 1.1737634 1.0539573 1.3226779 
UniRef90_UPI0025F8D0E5 0.7634929 0.8124466 0.8413504 0.9550190 0.7516834 0.8852194 0.8410590 0.8476516 0.6801104 0.0000000 0.9914674 0.9559152 1.1146761 0.9622979 0.9739484 1.1452114 1.1118367 0.8571889 1.1720019 1.1326939 1.0298639 1.0203515 1.1764513 1.2017460 1.0363075 1.1304479 1.0687528 1.3371003 1.1630095 1.3642088 1.1966839 1.2511124 1.3044743 1.4349795 1.3243329 1.4622009 1.3132320 1.2747247 1.4506621 1.1896514 1.4065880 1.1472652 1.3521846 1.1910437 1.4379471 1.4294330 1.1366843 1.3399028 1.2286292 1.2209314 1.3615499 1.2012973 1.3500803 1.2745891 1.4445819 1.4732469 1.2646248 1.4137539 1.1467873 1.3995003 1.3397763 1.1256205 1.2590530 1.3205940 1.3154381 1.2209955 1.2740117 1.3922910 1.3458945 1.3635870 1.1809902 1.3985130 1.3800269 1.2630952 1.2268955 1.2427652 1.2911481 1.2625015 1.4226653 1.1691440 1.2185279 1.3618370 1.3945285 1.3790580 1.1976294 1.2758792 1.2873377 1.3573574 1.4330359 1.3996019 
UniRef90_UPI0023F38943 0.8958941 0.9092293 0.9374653 0.9913462 0.9415028 1.1836087 0.9353691 1.1225665 0.8155721 0.9914674 0.0000000 0.8835572 0.9456576 0.2285202 1.1313219 0.8468959 0.8474965 1.0374835 1.0060586 1.0170076 0.9386390 1.0279638 1.0099476 1.0103040 0.8241119 1.0258265 1.0081413 0.7032785 1.2175363 1.2154722 0.8544949 1.1330487 1.1513554 1.0778937 1.1566697 1.2240036 1.2292161 0.9227015 1.1167573 1.0942603 1.2891477 1.0241100 1.1828885 1.1878790 1.4128245 1.0269526 1.0994999 1.1311492 1.2682645 1.1946509 1.3016627 1.1709193 1.3022462 1.1185117 1.3106635 1.3539797 1.1492754 1.2390877 1.0203446 1.2021165 1.0568267 1.1040055 1.1627549 1.1899544 1.2735267 0.9906497 1.1769914 1.2648876 1.1390755 1.1934635 1.3418333 1.3754723 1.3773087 1.1710350 1.2160291 0.9614445 1.0587054 1.1270254 1.3112946 1.2938134 1.0069120 1.1934326 1.2032705 1.1233824 1.0452768 1.1734861 1.1220920 1.1945860 1.2621569 1.3166510 
UniRef90_A0A5Q4G3V2    1.0561562 1.1597584 0.9997126 1.1399794 0.9490756 1.2106153 0.9481872 1.0835415 0.8184493 0.9559152 0.8835572 0.0000000 1.1606199 0.8429983 1.0815680 0.8284639 0.8006230 1.0391912 0.9912693 1.0738808 0.9316063 1.0618218 1.0549664 1.0982702 0.9919909 1.0350828 0.9961474 1.2121354 1.0387976 1.2625292 0.9539903 1.2459134 0.8548729 1.3427565 1.1311001 1.2980150 1.1888220 0.9839194 1.3403961 1.0227300 1.1742956 1.0462809 1.4326548 1.0803814 1.6075779 0.9420010 1.0816775 1.2184949 1.1675897 1.2814199 1.4652271 1.2541088 1.2451543 1.3213489 1.5454612 1.2909276 0.9322965 1.3044493 0.9988722 1.1967414 1.1016581 1.3907444 1.1930199 1.1641558 1.3027032 0.9499480 1.1369801 1.3751176 1.2814530 1.2503539 1.2830639 1.4963700 1.6630566 1.2901054 1.0866886 1.0594128 1.2102390 1.1014468 1.4002692 1.3936557 1.0483071 1.1550890 1.1992486 1.1493579 1.1359970 1.2743415 1.2661390 1.1832283 0.9470989 1.4596106 
UniRef90_A0A2E7ZR97    0.9597439 1.0568637 1.0184218 1.0054875 1.0099478 1.1902085 0.9223219 1.0520876 1.0154223 1.1146761 0.9456576 1.1606199 0.0000000 0.9616446 0.9404194 0.6963256 0.7677249 1.0136207 1.0698107 0.5319268 0.9783910 0.9396333 0.5457283 1.0686103 0.8722246 0.8078794 0.8143207 1.1851787 1.0448977 1.2030735 1.0953617 1.3533570 1.1831983 1.4279694 1.2369939 1.0786202 1.3760228 1.0372473 1.1076338 1.0155791 1.3102567 0.6528052 1.1939852 1.1279825 1.4177412 0.8690483 1.1121474 1.3260131 0.8730860 1.3887664 1.3770781 1.4148910 1.3599592 1.3654891 1.4563505 1.4231932 1.2296882 1.1830496 0.9220361 1.3550663 1.1078726 1.3429388 1.1490175 1.0026254 1.0747414 1.0075219 1.2288283 1.3956619 1.4995368 1.3531687 1.2239585 1.5642091 1.3654404 1.2012765 1.3073353 1.0319677 1.2451834 0.8597524 1.1709541 1.4429338 0.8602851 1.3440742 1.4297787 1.2649105 1.3011164 1.2991814 1.2578123 1.4415954 1.4167332 1.3625567 
UniRef90_A0A931EK09    0.9757045 0.9837806 1.0131119 1.1344415 1.0338474 1.1834429 1.0101129 1.2243798 0.8125822 0.9622979 0.2285202 0.8429983 0.9616446 0.0000000 1.2246914 0.9001880 0.8613808 0.9962011 1.1554281 1.0564163 0.9766472 1.0780869 1.0114218 1.0934191 0.8577364 1.0909593 1.0113651 0.7714315 1.2298247 1.2918498 0.9699387 1.2126262 1.1380748 1.2271302 1.2089053 1.2441026 1.2371693 0.8457778 1.2395237 1.0840706 1.3511509 1.1310738 1.2497600 1.2085056 1.4322939 1.0568510 1.1276466 1.2298193 1.3565229 1.2336695 1.3423326 1.1989294 1.3530242 1.1927874 1.3708878 1.4405354 1.1062607 1.2662094 1.0148931 1.2417959 1.0618170 1.1587110 1.0679722 1.2312052 1.3047976 1.0418509 1.2917202 1.4695720 1.1788209 1.2447987 1.3997042 1.3804791 1.3771942 1.2696505 1.2020420 0.9309616 1.1783242 1.1332135 1.3651829 1.2520012 0.9379465 1.1922202 1.1908872 1.1402335 1.0674317 1.2385566 1.1693065 1.2987770 1.2553688 1.3744631 
UniRef90_A0A923U6H7    0.9028271 0.9684628 0.9307433 1.0210170 0.9954245 1.0670582 0.9214803 0.9609767 1.0161303 0.9739484 1.1313219 1.0815680 0.9404194 1.2246914 0.0000000 0.8257924 0.9451849 0.8723350 1.2500779 0.8321001 1.0022429 0.2561700 0.8791806 1.1392161 0.8515314 0.7288585 0.7922110 1.2757588 1.0276551 1.2799629 1.0604952 1.3195652 1.2843794 1.3421654 1.2345328 1.2026108 1.6337322 1.0317677 1.2520359 1.0228337 1.1960843 0.9705794 1.2385555 1.0607611 1.4277813 0.9397468 0.9873317 1.1561064 0.7332098 1.4391524 1.4509706 1.3727165 1.2061252 1.4002171 1.3852959 1.2280802 1.4323667 1.0734917 0.9763114 1.3381900 1.3172088 1.2732789 1.1163145 1.0068425 1.1494108 1.0363458 1.3134814 1.2746547 1.4620456 1.2295787 0.9956919 1.6137211 1.4689421 1.2017913 1.3775242 1.0206673 1.1779594 0.8260829 1.4830337 1.3008152 1.0451215 1.4978592 1.4159749 1.3549278 1.3780123 1.3168201 1.1164629 1.3405689 1.3417135 1.3620193 
UniRef90_A0A3M2FMH9    1.0449547 1.0875961 0.9773268 1.1007594 0.9817870 1.2604390 1.0627584 1.1131307 0.9551751 1.1452114 0.8468959 0.8284639 0.6963256 0.9001880 0.8257924 0.0000000 0.6177692 1.0699697 1.0765303 0.6817598 0.9788627 0.8011214 0.6611865 1.0129086 0.7587116 0.8116243 0.8121332 1.1069320 0.6206176 1.1145118 1.0338781 1.4226547 1.1526170 1.4591519 1.1492045 1.1861569 1.3637615 0.5915542 0.9949550 0.6900696 1.0991183 0.8146053 1.2213882 0.7422852 1.2860177 0.8654230 1.0029718 1.0907249 0.9279297 1.3167196 1.1706859 1.3129305 1.1199572 1.3569095 1.4154771 1.2307871 1.0943165 1.3509504 0.7011526 1.1117179 0.8880802 1.2509604 1.1385940 1.0108545 0.9943892 0.8149399 1.0841437 1.2705797 1.5611121 1.1219734 1.2564528 1.5033639 1.2070218 1.1902527 1.0300466 0.6701121 1.0525319 0.7885328 1.0817037 1.3024606 0.6166063 1.2021416 1.0759276 1.3444068 0.9799951 1.1602113 1.0339071 1.1906110 1.0807045 1.1704126 
UniRef90_A0A9D8YSH6    1.0335252 1.0571654 1.0768272 1.1271095 1.0830663 1.1333593 1.0185654 1.0320491 0.9619002 1.1118367 0.8474965 0.8006230 0.7677249 0.8613808 0.9451849 0.6177692 0.0000000 1.1043413 0.9432091 0.8570444 0.9963536 0.8413664 0.9525757 1.0285257 0.7231455 1.0340420 0.9287311 1.0372120 0.7829845 1.1034275 0.9854150 1.1847606 1.1276769 1.1658831 1.1934277 1.1746531 1.4262136 0.4900750 1.0659240 0.8133230 1.2388245 0.9493019 1.2882456 0.8889992 1.2602354 0.9995237 1.0780453 1.1594601 0.8933082 1.2745848 1.2244710 1.2335298 1.3661655 1.3469866 1.3164530 1.3056966 1.1299401 1.1992347 0.7143484 1.1533098 0.9961409 1.2747583 1.0832057 0.9623828 1.1034355 0.9998678 1.0970591 1.0876342 1.4207146 1.2638304 1.2675119 1.4758132 1.2885425 1.2094936 1.0989330 0.5067493 1.1566999 0.9472228 1.1329610 1.4411104 0.7103345 1.2816579 1.2309016 1.3726133 1.1376587 1.3410558 1.1755068 1.2760828 1.2137902 1.2220939 
UniRef90_A0A2P8WHZ5    0.7169757 0.8242197 0.6792128 0.6418224 0.6609977 0.4618946 0.7192553 0.4055045 0.9196157 0.8571889 1.0374835 1.0391912 1.0136207 0.9962011 0.8723350 1.0699697 1.1043413 0.0000000 1.1877889 1.0418173 1.2290638 0.9685999 0.9977604 1.3181559 1.2871557 1.0985882 1.2159659 1.3044548 1.2696497 1.3958088 1.1632623 1.1793927 1.1565041 1.3234169 1.2275497 1.1270696 1.2717323 1.2830481 1.4501078 1.1016329 1.3579704 1.0545008 1.2339301 1.3202795 1.4826488 1.3404347 1.2301061 1.4056927 1.0170673 1.3303901 1.2575913 1.3003045 1.2277536 1.2020211 1.6364287 1.4543542 1.2381886 1.1501096 1.2464178 1.3875238 1.2983778 1.3414064 1.2849539 1.2284961 1.4701056 1.3646557 1.3573379 1.4965682 1.4952990 1.4209561 1.0586883 1.5776566 1.4026760 1.2661367 1.3412260 1.2976881 1.3462256 1.1358374 1.1216243 1.1487883 1.2935779 1.4129139 1.4077744 1.1354393 1.3105077 1.4242270 1.2901651 1.3130274 1.3070972 1.2061586 
UniRef90_A0A968T6V2    1.0861314 1.3677370 1.0040590 1.2030274 0.9588955 1.3148942 1.0003543 1.1859623 0.9406994 1.1720019 1.0060586 0.9912693 1.0698107 1.1554281 1.2500779 1.0765303 0.9432091 1.1877889 0.0000000 1.2202868 0.5325967 1.1156260 1.1296793 0.4909090 1.1886190 1.0207924 0.9919048 1.3929167 1.2181047 1.3085865 0.9140644 1.2683880 1.1988945 1.3214079 0.6637764 1.3085263 1.3962356 1.0340295 1.2506526 1.3491659 0.9603297 0.9875118 1.3514204 1.2821330 1.4059130 1.0858857 1.2156051 1.5207528 1.1361189 1.6180654 1.3094927 1.5446208 0.7377494 1.3868428 1.6802351 0.8593995 1.2186266 1.4225300 1.1552247 1.6292245 1.4443831 1.5735743 1.3732388 1.0955271 1.1836895 1.0555439 1.7141803 1.2510388 1.6353040 1.5905739 1.2912608 1.4546036 1.4228402 1.2574589 1.5053562 1.1626025 1.5210273 0.9929610 1.3295593 1.4615350 1.1506717 1.5450442 1.4955796 1.2538232 1.4523216 1.6155070 1.4606072 1.3475165 1.3790000 1.4022577 
UniRef90_A0A2D4SQ06    1.0388810 1.0625892 0.9478157 0.9742340 0.9405351 1.1443529 0.8829710 0.9259861 1.0058980 1.1326939 1.0170076 1.0738808 0.5319268 1.0564163 0.8321001 0.6817598 0.8570444 1.0418173 1.2202868 0.0000000 1.0191106 0.8313538 0.4522927 1.1320782 0.7858763 0.8546502 0.9045166 1.1443518 1.0196483 1.2013205 0.9772254 1.2599082 1.2238185 1.3650804 1.2300916 1.1170901 1.3365852 0.8942799 1.1981150 0.9490170 1.1631614 0.6398051 1.2981077 0.9409271 1.1648603 0.9969599 1.1312561 1.3200801 0.9031003 1.4610706 1.1537538 1.5017815 1.1890861 1.3706742 1.4859568 1.3518689 1.1279326 1.2238222 0.8435424 1.4629247 1.3312285 1.4183953 1.3835486 0.9975221 1.3277532 0.9513710 1.3839332 1.2330486 1.5321529 1.5421844 1.2386526 1.5749570 1.1819725 1.1714260 1.3846011 0.9843642 1.3865540 0.8145880 1.2677996 1.5649237 0.8483698 1.3906118 1.5510914 1.3705462 1.4040736 1.4431703 1.3724866 1.4338361 1.3780422 1.1216569 
UniRef90_A5UXH7        1.0337627 1.1211615 1.0501813 1.0510981 0.9725674 1.3247443 0.9934977 1.0860216 0.8364684 1.0298639 0.9386390 0.9316063 0.9783910 0.9766472 1.0022429 0.9788627 0.9963536 1.2290638 0.5325967 1.0191106 0.0000000 0.9404294 1.1321895 0.2898362 1.0706403 0.9460774 0.9783056 1.1364357 1.1258469 1.1504792 0.9358368 1.3165092 1.0506796 1.3312008 0.4165261 1.2040362 1.0952176 1.0941497 1.0570946 1.2398931 0.5733167 0.9463784 1.2692446 1.1239872 1.3382001 0.9419005 1.1193495 1.2648039 0.9105798 1.5280121 1.2645049 1.4601017 0.5460214 1.4581911 1.3886131 0.5514709 1.1060534 1.2883759 1.0510786 1.3149632 1.2388082 1.4002359 1.2567389 0.9921128 1.0524760 1.0153154 1.2413918 1.2275990 1.4502950 1.2572041 1.1354948 1.4605914 1.3162730 1.2131476 1.2940969 1.1294306 1.2199248 0.9294818 1.2718966 1.3175513 1.1400447 1.2752703 1.2512038 1.1934564 1.2335286 1.4115927 1.3217790 1.2778654 1.0400142 1.2254521 
UniRef90_A0A924SSG2    0.9440422 0.9375931 0.9119380 0.9698322 0.9434721 1.1757390 0.8966409 1.0389776 0.9779704 1.0203515 1.0279638 1.0618218 0.9396333 1.0780869 0.2561700 0.8011214 0.8413664 0.9685999 1.1156260 0.8313538 0.9404294 0.0000000 0.8567746 0.9999061 0.8153142 0.8643797 0.8525543 1.3057510 0.9608261 1.2352144 0.8945448 1.2948095 1.2465734 1.3072549 1.1899343 1.1236029 1.5438237 0.9726755 1.1179464 0.8999239 1.2161621 0.9265752 1.1760960 1.0375228 1.4396398 0.9169694 0.9832993 1.1542710 0.6851990 1.4217087 1.2649919 1.4239821 1.2382985 1.2696209 1.3839279 1.1496771 1.3688788 1.1436626 0.8716711 1.3411080 1.2549602 1.2347680 1.1963588 0.9241092 1.0671816 0.9442153 1.2740519 1.1813153 1.5045501 1.3073777 0.9531312 1.5859187 1.5014216 1.0666426 1.2977130 0.9387995 1.1850399 0.8743796 1.5854084 1.4902282 0.9312845 1.4081157 1.3671972 1.3611763 1.3001537 1.3610497 1.1639680 1.3208809 1.2889368 1.2618361 
UniRef90_A0A2E7UR14    1.0161294 0.9540184 0.9811186 1.0779075 0.9669338 1.1827091 1.0154227 1.0456484 1.0428936 1.1764513 1.0099476 1.0549664 0.5457283 1.0114218 0.8791806 0.6611865 0.9525757 0.9977604 1.1296793 0.4522927 1.1321895 0.8567746 0.0000000 1.1782778 0.8712250 0.8218180 0.8263808 1.2730501 1.0165858 1.1409968 0.9523850 1.3493342 1.3172071 1.5263592 1.2928676 1.1740402 1.4075092 0.9111222 1.0658669 1.0001124 1.2330693 0.6109471 1.3090527 1.0402994 1.4684047 0.9414468 1.1471980 1.4397019 0.9291527 1.5930434 1.3088540 1.6522678 1.3665313 1.3787504 1.5198316 1.4851232 1.2358097 1.2215684 0.9840116 1.5497609 1.3043447 1.4322784 1.3485401 0.9725202 0.9638358 0.9408526 1.4055338 1.4251378 1.5847460 1.4257814 1.3906830 1.6888516 1.3759657 1.2217174 1.4765225 0.9506234 1.3554892 0.9804968 1.1745796 1.6043335 0.8648311 1.4485632 1.5017858 1.2728142 1.3122741 1.3962744 1.3150787 1.5450896 1.3263214 1.2881476 
UniRef90_A0A926CB40    1.2585176 1.3613039 1.1431705 1.1909379 1.1156104 1.3183499 1.0460787 1.2128134 0.9028109 1.2017460 1.0103040 1.0982702 1.0686103 1.0934191 1.1392161 1.0129086 1.0285257 1.3181559 0.4909090 1.1320782 0.2898362 0.9999061 1.1782778 0.0000000 1.1998063 1.1566185 1.0379018 1.1622650 1.2497527 1.2239271 1.0106972 1.2844640 1.1343171 1.3494192 0.4010192 1.2205660 1.2247281 1.1185630 1.2528412 1.3633887 0.5323897 1.0998855 1.3781644 1.2005587 1.3577635 1.1016645 1.1516594 1.3742848 1.0760490 1.5786566 1.3000153 1.4641188 0.5025703 1.3444300 1.5197913 0.5042637 1.0670280 1.3906909 1.0776824 1.4161448 1.3618721 1.5143048 1.3976263 1.0601836 1.1812977 1.0675616 1.4691097 1.4448884 1.5762058 1.5017549 1.2341856 1.5268691 1.3170316 1.2515388 1.3738641 1.2317528 1.4419188 1.0466708 1.3598806 1.5038063 1.0806052 1.4737771 1.5337525 1.2910480 1.3682344 1.6338572 1.4808496 1.3295832 1.1848416 1.3564335 
UniRef90_A0A923XRS8    1.0224848 1.0147490 1.1387609 1.1199381 1.1469980 1.2938716 1.1978438 1.1164203 0.9616949 1.0363075 0.8241119 0.9919909 0.8722246 0.8577364 0.8515314 0.7587116 0.7231455 1.2871557 1.1886190 0.7858763 1.0706403 0.8153142 0.8712250 1.1998063 0.0000000 0.8771866 0.9064734 1.1806151 1.0588289 1.1897820 1.0839567 1.2364145 1.1849419 1.2834919 1.2470567 1.3170429 1.4387308 0.7601297 1.0599444 1.0097817 1.3243268 0.9806075 1.3422882 1.1558250 1.3768721 0.8890101 1.0855673 1.1516473 1.1086062 1.4372955 1.3108877 1.4555497 1.4417500 1.4002181 1.3363240 1.4507496 1.2776764 1.2783413 0.6998804 1.2173412 1.1885512 1.2498502 1.2027561 1.0099899 1.1956178 1.1423867 1.2514621 1.4580633 1.3208618 1.2920765 1.3475114 1.3548241 1.4230629 1.2759957 1.2057376 0.6679782 1.0979749 1.1053098 1.2534610 1.3471925 0.7198357 1.2696847 1.2257212 1.4744542 1.2130691 1.2893978 1.1688321 1.2444930 1.2134684 1.3796979 
UniRef90_A0A6L9IXQ0    1.0630877 1.1422530 1.0010688 1.1969796 0.9262993 1.2160544 1.1496938 1.0782081 1.0461321 1.1304479 1.0258265 1.0350828 0.8078794 1.0909593 0.7288585 0.8116243 1.0340420 1.0985882 1.0207924 0.8546502 0.9460774 0.8643797 0.8218180 1.1566185 0.8771866 0.0000000 0.3828747 1.2755240 0.8066258 1.2176620 1.1161574 1.4799371 0.9633738 1.4846037 1.2538768 1.3517227 1.2952770 0.8984618 1.0001716 1.0612934 1.4381550 0.7211830 1.3840980 0.8855338 1.5105395 0.5939788 0.6754551 0.9816499 0.9960410 1.5558418 1.4199717 1.4319279 1.3587312 1.4422762 1.5268285 1.3430323 1.1218248 1.3764214 0.9549197 1.0166978 1.1356049 1.0329003 1.1658142 0.6156450 0.7780273 0.6327906 1.2178990 1.3624905 1.4517571 1.0248157 1.2955649 1.3393249 1.4303839 1.2978094 1.1068819 1.0044078 0.9177526 0.9063958 1.2946291 1.1268456 0.9247611 1.0101272 1.1112125 1.2748903 1.0530600 1.0667861 0.9770869 1.0468797 1.1620684 1.1896437 
UniRef90_A0A8T7L1S3    1.1196132 1.2444781 1.0322084 1.3688364 1.0434817 1.3224969 1.1270863 1.1126699 0.9339502 1.0687528 1.0081413 0.9961474 0.8143207 1.0113651 0.7922110 0.8121332 0.9287311 1.2159659 0.9919048 0.9045166 0.9783056 0.8525543 0.8263808 1.0379018 0.9064734 0.3828747 0.0000000 1.3636643 0.8872878 1.3294686 0.9056390 1.2102012 1.3057582 1.3023982 1.2441328 1.4327780 1.4226118 0.7629831 1.2785011 1.0517680 1.4217135 0.6053986 1.3008625 0.8744679 1.5288465 0.5437104 0.5253164 1.0064783 1.0642201 1.3282179 1.2784261 1.3216863 1.2819199 1.2497682 1.3328673 1.3260806 1.4328452 1.4193798 0.8954609 1.0356836 1.1238696 1.0622548 1.1234539 0.5728768 0.7548865 0.5921574 1.1470081 1.3033808 1.2581646 1.0636857 1.2420881 1.3956528 1.5729804 1.3105589 1.1461465 0.9087955 0.9814022 0.8883640 1.2770955 1.1171626 0.8865698 1.1268504 1.1794201 1.3241929 1.0952543 1.1387816 1.1122415 1.0827293 1.4760227 1.3344834 
UniRef90_A0A370JXE9    1.3021841 1.3338666 1.3733250 1.2395696 1.2491970 1.3383590 1.3315710 1.3536234 1.1052097 1.3371003 0.7032785 1.2121354 1.1851787 0.7714315 1.2757588 1.1069320 1.0372120 1.3044548 1.3929167 1.1443518 1.1364357 1.3057510 1.2730501 1.1622650 1.1806151 1.2755240 1.3636643 0.0000000 1.5944128 1.2778570 1.2410304 1.3098303 1.5317534 1.5038762 1.2010743 1.3208603 1.8799434 0.9851379 1.4089269 1.2765600 1.5330189 1.3781363 1.5622037 1.5008030 1.7763696 1.3770098 1.4160274 1.6619348 1.5205921 1.8248396 1.5699075 1.6140795 1.3560631 1.4627193 1.5925103 1.3844202 1.6174567 1.3300450 1.1787350 1.7055854 1.6446082 1.6762285 1.5319422 1.3457116 1.4604231 1.3251987 1.6711345 1.7093452 1.6921105 1.6904813 1.5973040 1.9452775 1.6657057 1.5678115 1.5223935 1.1152499 1.5910890 1.1804520 1.4104950 1.7102133 1.1837241 1.7392828 1.7761392 1.5198592 1.7284762 1.7452853 1.5378137 1.6545937 1.6865175 1.7016236 
UniRef90_UPI0003B640DC 1.2659660 1.4290213 1.1795998 1.3580061 1.1201167 1.4180945 1.1403551 1.1836711 1.0502586 1.1630095 1.2175363 1.0387976 1.0448977 1.2298247 1.0276551 0.6206176 0.7829845 1.2696497 1.2181047 1.0196483 1.1258469 0.9608261 1.0165858 1.2497527 1.0588289 0.8066258 0.8872878 1.5944128 0.0000000 1.4998625 1.0856363 1.4883733 1.3078909 1.5472904 1.3644531 1.5426271 1.4972194 0.8018605 1.3101135 0.8164241 1.4568363 0.7263206 1.5749263 0.4424710 1.8119299 0.8011685 1.0313495 1.1798699 1.0551471 1.3989081 1.6620335 1.3571659 1.4400565 1.6411642 1.5381043 1.4750640 1.3268117 1.5708620 0.8207989 1.0689024 1.0386711 1.1752997 1.1321497 0.8473284 1.0332795 0.8282851 1.2015155 1.6989350 1.4160851 1.2616823 1.4846423 1.3368752 1.7959824 1.4350734 1.1267988 0.8733653 1.1974506 1.2082909 1.2847080 1.2689784 0.8027928 1.3029325 1.0770862 1.5961818 1.1137935 1.1254628 1.1363757 1.2290671 1.3018249 1.6913813 
UniRef90_UPI001BDAAC7A 1.2198606 1.3086449 1.1759141 1.2092792 1.2136395 1.4541631 1.3529250 1.4257244 1.1605290 1.3642088 1.2154722 1.2625292 1.2030735 1.2918498 1.2799629 1.1145118 1.1034275 1.3958088 1.3085865 1.2013205 1.1504792 1.2352144 1.1409968 1.2239271 1.1897820 1.2176620 1.3294686 1.2778570 1.4998625 0.0000000 1.4255244 0.8677058 1.2819866 0.8850396 1.4433799 0.8281590 1.5322350 1.1773534 1.6675789 1.2928201 1.4652474 1.3781474 0.6780196 1.4871391 0.6645750 1.4641298 1.5767781 1.5879684 1.4660741 2.0328116 0.5550500 2.0550377 1.5557058 0.6701257 1.0287246 1.3489918 1.3495895 0.8108837 1.4215974 1.7363374 1.6833383 1.6397755 1.6454982 1.4127168 1.2930960 1.3751092 1.7253892 0.6241544 1.8673643 1.8030479 1.3021886 1.8487943 0.6035705 0.6634613 1.7295980 1.2149473 1.6653514 1.4422563 1.6925568 1.8566871 1.3269459 1.8276388 1.7894780 1.3519315 1.7063809 1.6867132 1.6424126 1.6546166 1.3812156 0.3903682 
UniRef90_A0A924RR09    1.1753702 1.1299789 0.9655746 1.1939789 1.0195281 1.5543618 0.9833051 1.2927386 0.8653897 1.1966839 0.8544949 0.9539903 1.0953617 0.9699387 1.0604952 1.0338781 0.9854150 1.1632623 0.9140644 0.9772254 0.9358368 0.8945448 0.9523850 1.0106972 1.0839567 1.1161574 0.9056390 1.2410304 1.0856363 1.4255244 0.0000000 1.1318632 1.2624531 1.2122452 1.1914910 1.5614800 1.3658968 1.0715614 1.4373432 1.2356375 1.4287911 0.8609646 1.4205925 1.1139463 1.5116635 1.0499066 1.1188949 1.1665419 0.9623850 1.3550084 1.4418541 1.3438986 1.3339531 1.3417906 1.3710544 1.3142227 1.3267366 1.3712879 1.0815574 1.3182970 1.1492454 1.2755179 1.2225373 1.0537246 1.2115514 1.0032538 1.2229025 1.3608793 1.4209773 1.3155078 1.4236864 1.5610927 1.6244632 1.3543311 1.1279813 1.2025924 1.2123213 1.1210470 1.3277426 1.3939480 1.1461269 1.2633055 1.2374892 1.3629084 1.1826321 1.2541035 1.2839703 1.1876588 1.2417712 1.6003782 
UniRef90_A0A924NNI9    1.1445439 1.2224096 1.1530190 1.3012875 1.2676529 1.5716295 1.3238323 1.3891390 1.0418097 1.2511124 1.1330487 1.2459134 1.3533570 1.2126262 1.3195652 1.4226547 1.1847606 1.1793927 1.2683880 1.2599082 1.3165092 1.2948095 1.3493342 1.2844640 1.2364145 1.4799371 1.2102012 1.3098303 1.4883733 0.8677058 1.1318632 0.0000000 1.5372247 0.4149465 1.3534576 1.0958520 1.4683405 1.2670846 1.7050061 1.6372107 1.5709972 1.3790183 0.7887045 1.3905027 1.0859158 1.5528159 1.5354457 1.5722671 1.3122170 1.5754320 1.0575456 1.5615871 1.4305923 0.3383834 0.6688614 1.3438228 1.5239807 0.9740731 1.4541422 1.6394437 1.8339709 1.7202553 1.6054701 1.5219867 1.5690411 1.5680065 1.7257513 0.9500412 1.6120637 1.8393048 1.4300700 1.6555788 1.0810549 0.7499197 1.7011705 1.4194174 1.9172775 1.4399541 1.5048311 1.6999732 1.4730517 1.8495433 1.7119853 1.4632666 1.6551220 1.5031305 1.5578854 1.5682565 1.5426642 0.9658960 
UniRef90_A0A973H857    1.2563178 1.2819150 1.3488946 1.3452573 1.1629046 1.3139423 1.1424428 1.1853802 1.0311432 1.3044743 1.1513554 0.8548729 1.1831983 1.1380748 1.2843794 1.1526170 1.1276769 1.1565041 1.1988945 1.2238185 1.0506796 1.2465734 1.3172071 1.1343171 1.1849419 0.9633738 1.3057582 1.5317534 1.3078909 1.2819866 1.2624531 1.5372247 0.0000000 1.6163096 1.1305999 1.2390519 0.5964409 1.1797369 1.4814219 1.1330572 1.2806634 1.2650619 1.4222054 1.2928552 1.4462695 1.2811937 1.2667193 1.4321018 1.2274015 1.4563901 1.2800234 1.4480212 1.3745300 1.5384218 1.6459796 1.2581135 0.2822457 1.2201075 1.2881697 1.3566125 1.2131436 1.5922127 1.5777558 1.2593943 1.5823171 1.2447728 1.2380886 1.7789376 1.4616343 1.5957543 1.5821461 1.2070426 1.4248714 1.3547559 1.3370552 1.3167852 1.2902215 1.2188553 1.3179312 1.4708300 1.2741586 1.4319945 1.4759184 0.8651013 1.3784785 1.4612327 1.4571304 1.3744495 0.3015073 1.3395708 
UniRef90_A0A924NQ99    1.1783154 1.2625014 1.3187314 1.3962193 1.5240512 1.6483641 1.4103094 1.3717085 1.2396218 1.4349795 1.0778937 1.3427565 1.4279694 1.2271302 1.3421654 1.4591519 1.1658831 1.3234169 1.3214079 1.3650804 1.3312008 1.3072549 1.5263592 1.3494192 1.2834919 1.4846037 1.3023982 1.5038762 1.5472904 0.8850396 1.2122452 0.4149465 1.6163096 0.0000000 1.6402039 1.0560016 1.5438659 1.2976958 1.6202937 1.6286771 1.7421639 1.3122044 0.8118778 1.4115940 1.1277035 1.5186051 1.5812978 1.6260259 1.3452820 1.8082631 0.9562276 1.6771550 1.7449959 0.4570747 0.7509066 1.5646798 1.5791435 0.9933734 1.3597085 1.6173782 1.7169387 1.7630458 1.6868877 1.5105840 1.5529407 1.5377289 1.7200692 0.8616163 1.7083563 1.7831432 1.4891520 1.5537802 1.1141189 0.8407612 1.5917593 1.3567962 1.8554661 1.4783553 1.6479920 1.7217982 1.4040808 1.7850333 1.5749018 1.4584166 1.5526577 1.6827805 1.5476986 1.6310586 1.6326400 0.9972419 
UniRef90_A0A926BAJ6    1.3391765 1.3635815 1.2097066 1.3019795 1.1060721 1.4183292 1.2548008 1.2710194 1.0693594 1.3243329 1.1566697 1.1311001 1.2369939 1.2089053 1.2345328 1.1492045 1.1934277 1.2275497 0.6637764 1.2300916 0.4165261 1.1899343 1.2928676 0.4010192 1.2470567 1.2538768 1.2441328 1.2010743 1.3644531 1.4433799 1.1914910 1.3534576 1.1305999 1.6402039 0.0000000 1.3278105 1.3095641 1.2953221 1.4199245 1.4534927 0.3827172 1.2342173 1.5293870 1.3243565 1.5846696 1.1735747 1.4067491 1.5316460 1.1669378 1.6013501 1.5809594 1.5129785 0.3134455 1.5096534 1.7433516 0.3848987 1.1425375 1.5237315 1.2166839 1.7545146 1.5304040 1.5593506 1.3841682 1.3107808 1.4185246 1.2148194 1.5147864 1.7197287 1.7785629 1.5388468 1.2989612 1.6525672 1.6290870 1.3282795 1.6281181 1.3753637 1.5486201 1.0442470 1.3629936 1.4777832 1.2775328 1.7974492 1.6616844 1.2537784 1.6228824 1.6643231 1.4714512 1.5584066 1.2892870 1.5894264 
UniRef90_A0A3C1P5D0    1.2544180 1.3285394 1.3032068 1.4079068 1.3296202 1.4116503 1.3721302 1.2661448 1.2781638 1.4622009 1.2240036 1.2980150 1.0786202 1.2441026 1.2026108 1.1861569 1.1746531 1.1270696 1.3085263 1.1170901 1.2040362 1.1236029 1.1740402 1.2205660 1.3170429 1.3517227 1.4327780 1.3208603 1.5426271 0.8281590 1.5614800 1.0958520 1.2390519 1.0560016 1.3278105 0.0000000 1.6832754 1.2793792 1.7052108 1.4196013 1.4905119 1.3705588 0.6274294 1.5264846 1.0236379 1.4380039 1.6160400 1.7219613 1.3644849 2.1206614 0.9279567 2.0307766 1.3663865 0.9244837 1.1563836 1.3501857 1.3151068 0.3442425 1.4740771 1.8354530 1.7866497 1.7463722 1.7196851 1.5055223 1.6713776 1.4239114 1.9108873 0.9697663 1.8358441 1.9819368 1.2561146 1.8448836 0.9868741 0.6682911 1.7870194 1.3815007 1.8680814 1.2485450 1.8079583 1.8929887 1.3568374 2.0682771 1.8605697 1.3044078 1.8159622 1.8159475 1.6795032 1.7718650 1.3660135 0.7613005 
UniRef90_A0A021VV84    1.2607244 1.3242265 1.3018459 1.5324050 1.1797472 1.3878025 1.2124682 1.3868293 1.1461959 1.3132320 1.2292161 1.1888220 1.3760228 1.2371693 1.6337322 1.3637615 1.4262136 1.2717323 1.3962356 1.3365852 1.0952176 1.5438237 1.4075092 1.2247281 1.4387308 1.2952770 1.4226118 1.8799434 1.4972194 1.5322350 1.3658968 1.4683405 0.5964409 1.5438659 1.3095641 1.6832754 0.0000000 1.4042627 1.5642993 1.5838054 1.6297900 1.5001641 1.4935666 1.4593348 1.3784951 1.5831570 1.5660699 1.5848368 1.3024184 1.4382649 1.2615917 1.3959607 1.4940591 1.3889844 1.6570127 1.4679030 0.6015492 1.6155722 1.4209790 1.7125832 1.5184486 1.4677775 1.6446059 1.4915403 1.8977431 1.5683342 1.5349257 1.6310606 1.4616646 1.6431292 1.8578771 1.3768950 1.4777551 1.4344957 1.6827769 1.3481553 1.5636163 1.4769303 1.4154323 1.4411543 1.4388019 1.5139175 1.6275730 0.9246709 1.5287078 1.4485793 1.5373296 1.5958390 0.7626119 1.5188041 
UniRef90_A0A6M1SYC8    1.1993955 1.2337177 1.2848225 1.3165501 1.2077645 1.2987069 1.2423251 1.2337750 1.0621181 1.2747247 0.9227015 0.9839194 1.0372473 0.8457778 1.0317677 0.5915542 0.4900750 1.2830481 1.0340295 0.8942799 1.0941497 0.9726755 0.9111222 1.1185630 0.7601297 0.8984618 0.7629831 0.9851379 0.8018605 1.1773534 1.0715614 1.2670846 1.1797369 1.2976958 1.2953221 1.2793792 1.4042627 0.0000000 1.1087303 0.8553666 1.2721223 0.9229383 1.1891608 0.9514681 1.3778034 0.8516380 0.9172972 1.0862337 1.1899440 1.4411181 1.1422204 1.3348036 1.2986251 1.5321867 1.3816772 1.3075513 1.0996731 1.3539205 0.5217518 0.9944426 0.9609892 1.1250354 1.0514160 0.8377078 1.1079415 0.7483714 1.0663267 1.3830657 1.4136557 1.0133825 1.3976030 1.3670255 1.2706160 1.3347487 1.0955842 0.2492068 1.0194331 1.1229606 1.1101933 1.2335070 0.4124121 1.1698217 0.9885588 1.5787485 0.9585725 1.1541901 1.1251181 1.0977210 1.2101656 1.2654471 
UniRef90_A0A958E829    1.4016207 1.3164594 1.4744104 1.4289018 1.4191766 1.4307632 1.3871990 1.3197747 1.3920050 1.4506621 1.1167573 1.3403961 1.1076338 1.2395237 1.2520359 0.9949550 1.0659240 1.4501078 1.2506526 1.1981150 1.0570946 1.1179464 1.0658669 1.2528412 1.0599444 1.0001716 1.2785011 1.4089269 1.3101135 1.6675789 1.4373432 1.7050061 1.4814219 1.6202937 1.4199245 1.7052108 1.5642993 1.1087303 0.0000000 1.2457926 1.5127670 1.2663303 1.7819334 1.2219173 1.9315058 1.1350581 1.5090073 1.6825907 1.2620929 1.7402771 1.6717469 1.6650050 1.4311392 1.8644643 1.7800230 1.5326282 1.6460579 1.5912560 1.1455461 1.6446271 1.4408055 1.5609925 1.6549602 1.2595976 1.3311188 1.4106363 1.5163867 2.0535011 1.7466857 1.5984356 1.4903796 1.7203414 1.7864042 1.6033879 1.6067824 1.1754426 1.4261259 1.2605154 1.1998437 1.5709757 1.1025477 1.6480077 1.6305215 1.8296566 1.5179049 1.5580413 1.4259890 1.5712272 1.5612756 1.6052023 
UniRef90_A0A977XLG0    1.0895794 1.1880464 1.1760457 1.1324760 1.0653671 1.2230813 1.1479089 1.3015605 1.0669222 1.1896514 1.0942603 1.0227300 1.0155791 1.0840706 1.0228337 0.6900696 0.8133230 1.1016329 1.3491659 0.9490170 1.2398931 0.8999239 1.0001124 1.3633887 1.0097817 1.0612934 1.0517680 1.2765600 0.8164241 1.2928201 1.2356375 1.6372107 1.1330572 1.6286771 1.4534927 1.4196013 1.5838054 0.8553666 1.2457926 0.0000000 1.4354066 0.8936917 1.4526279 1.0356602 1.6215872 1.1213609 1.0764345 1.3357177 1.2015564 1.4449426 1.5396729 1.3771636 1.5446947 1.7273485 1.6846817 1.5639307 1.1818852 1.3896045 0.9264239 1.3733185 1.2073189 1.4046773 1.3454261 0.9525340 1.1810574 1.0903309 1.4080208 1.5329638 1.4734433 1.4773911 1.4428251 1.5580808 1.5285383 1.4939891 1.3288287 0.9590162 1.3719632 1.1247669 1.3257881 1.5524148 0.9078749 1.5092059 1.4638859 1.4561530 1.4101494 1.4767382 1.4837857 1.4344024 1.1467469 1.5315081 
UniRef90_A0A926BQ30    1.3396895 1.6160883 1.3316552 1.4810606 1.2346994 1.5883123 1.2562024 1.4248013 1.2712619 1.4065880 1.2891477 1.1742956 1.3102567 1.3511509 1.1960843 1.0991183 1.2388245 1.3579704 0.9603297 1.1631614 0.5733167 1.2161621 1.2330693 0.5323897 1.3243268 1.4381550 1.4217135 1.5330189 1.4568363 1.4652474 1.4287911 1.5709972 1.2806634 1.7421639 0.3827172 1.4905119 1.6297900 1.2721223 1.5127670 1.4354066 0.0000000 1.3839405 1.6381893 1.4672347 1.5837030 1.4590002 1.6390744 1.7067908 1.3362898 1.7880617 1.6579481 1.7627704 0.3894466 1.6840994 1.8063410 0.5673182 1.2479364 1.4971942 1.3334766 1.7811809 1.6741712 1.7337616 1.6204479 1.5160613 1.4465091 1.3525676 1.7196355 1.7590060 1.9492162 1.6601806 1.4247388 1.7553329 1.5096613 1.4023993 1.7207713 1.4083400 1.7273330 1.0970463 1.5214185 1.5600567 1.3877877 1.8431467 1.8507301 1.4811556 1.6954631 1.8101607 1.8467335 1.7450311 1.4218475 1.5663020 
UniRef90_A0A938QS95    1.1034938 1.2160790 1.0361852 1.1416766 1.1486435 1.2122503 1.1178845 1.0624229 0.9547366 1.1472652 1.0241100 1.0462809 0.6528052 1.1310738 0.9705794 0.8146053 0.9493019 1.0545008 0.9875118 0.6398051 0.9463784 0.9265752 0.6109471 1.0998855 0.9806075 0.7211830 0.6053986 1.3781363 0.7263206 1.3781474 0.8609646 1.3790183 1.2650619 1.3122044 1.2342173 1.3705588 1.5001641 0.9229383 1.2663303 0.8936917 1.3839405 0.0000000 1.2809851 0.8737344 1.5745387 0.8826940 0.8670721 1.4784297 1.0147903 1.5829974 1.4259003 1.5932579 1.1974752 1.4542418 1.4587821 1.2891898 1.3246711 1.2220280 0.7989669 1.5976181 1.3248000 1.3920015 1.4849445 0.7429013 0.9730497 0.7946535 1.5827469 1.3389147 1.6354959 1.4991127 1.2680805 1.7134774 1.4809900 1.2803167 1.5037043 0.9341339 1.4664919 0.9849780 1.3125958 1.5342268 0.7866719 1.4805394 1.5672545 1.4303600 1.5053672 1.3945398 1.5384981 1.5228479 1.3636372 1.5082885 
UniRef90_A0A7K0P1B6    1.0777395 1.1458518 1.1992386 1.3287423 1.3225881 1.4239832 1.3568044 1.2033597 1.2966089 1.3521846 1.1828885 1.4326548 1.1939852 1.2497600 1.2385555 1.2213882 1.2882456 1.2339301 1.3514204 1.2981077 1.2692446 1.1760960 1.3090527 1.3781644 1.3422882 1.3840980 1.3008625 1.5622037 1.5749263 0.6780196 1.4205925 0.7887045 1.4222054 0.8118778 1.5293870 0.6274294 1.4935666 1.1891608 1.7819334 1.4526279 1.6381893 1.2809851 0.0000000 1.5324760 0.9101208 1.5531616 1.5343895 1.5315668 1.4251258 1.6864627 0.8078230 1.7065861 1.6369906 0.5785011 0.8144303 1.5456626 1.5023548 0.5922500 1.2790198 1.6820653 1.5375802 1.6937278 1.5959368 1.4180446 1.3973221 1.4634851 1.6589372 0.6402106 1.6125672 1.8158856 1.3441311 1.5701970 0.8714585 0.2829504 1.6129192 1.3202254 1.7764133 1.3522770 1.5849170 1.5800899 1.3301947 1.7426657 1.5786051 1.4005706 1.5968650 1.6787243 1.6338242 1.6657646 1.4651186 0.7559434 
